nohup: 忽略输入
max_features=200 max_document_length=500
(4074,)
(1, 500, 200)
(2, 500, 200)
(3, 500, 200)
(4, 500, 200)
(5, 500, 200)
(6, 500, 200)
(7, 500, 200)
(8, 500, 200)
(9, 500, 200)
(10, 500, 200)
(11, 500, 200)
(12, 500, 200)
(13, 500, 200)
(14, 500, 200)
(15, 500, 200)
(16, 500, 200)
(17, 500, 200)
(18, 500, 200)
(19, 500, 200)
(20, 500, 200)
(21, 500, 200)
(22, 500, 200)
(23, 500, 200)
(24, 500, 200)
(25, 500, 200)
(26, 500, 200)
(27, 500, 200)
(28, 500, 200)
(29, 500, 200)
(30, 500, 200)
(31, 500, 200)
(32, 500, 200)
(33, 500, 200)
(34, 500, 200)
(35, 500, 200)
(36, 500, 200)
(37, 500, 200)
(38, 500, 200)
(39, 500, 200)
(40, 500, 200)
(41, 500, 200)
(42, 500, 200)
(43, 500, 200)
(44, 500, 200)
(45, 500, 200)
(46, 500, 200)
(47, 500, 200)
(48, 500, 200)
(49, 500, 200)
(50, 500, 200)
(51, 500, 200)
(52, 500, 200)
(53, 500, 200)
(54, 500, 200)
(55, 500, 200)
(56, 500, 200)
(57, 500, 200)
(58, 500, 200)
(59, 500, 200)
(60, 500, 200)
(61, 500, 200)
(62, 500, 200)
(63, 500, 200)
(64, 500, 200)
(65, 500, 200)
(66, 500, 200)
(67, 500, 200)
(68, 500, 200)
(69, 500, 200)
(70, 500, 200)
(71, 500, 200)
(72, 500, 200)
(73, 500, 200)
(74, 500, 200)
(75, 500, 200)
(76, 500, 200)
(77, 500, 200)
(78, 500, 200)
(79, 500, 200)
(80, 500, 200)
(81, 500, 200)
(82, 500, 200)
(83, 500, 200)
(84, 500, 200)
(85, 500, 200)
(86, 500, 200)
(87, 500, 200)
(88, 500, 200)
(89, 500, 200)
(90, 500, 200)
(91, 500, 200)
(92, 500, 200)
(93, 500, 200)
(94, 500, 200)
(95, 500, 200)
(96, 500, 200)
(97, 500, 200)
(98, 500, 200)
(99, 500, 200)
(100, 500, 200)
(101, 500, 200)
(102, 500, 200)
(103, 500, 200)
(104, 500, 200)
(105, 500, 200)
(106, 500, 200)
(107, 500, 200)
(108, 500, 200)
(109, 500, 200)
(110, 500, 200)
(111, 500, 200)
(112, 500, 200)
(113, 500, 200)
(114, 500, 200)
(115, 500, 200)
(116, 500, 200)
(117, 500, 200)
(118, 500, 200)
(119, 500, 200)
(120, 500, 200)
(121, 500, 200)
(122, 500, 200)
(123, 500, 200)
(124, 500, 200)
(125, 500, 200)
(126, 500, 200)
(127, 500, 200)
(128, 500, 200)
(129, 500, 200)
(130, 500, 200)
(131, 500, 200)
(132, 500, 200)
(133, 500, 200)
(134, 500, 200)
(135, 500, 200)
(136, 500, 200)
(137, 500, 200)
(138, 500, 200)
(139, 500, 200)
(140, 500, 200)
(141, 500, 200)
(142, 500, 200)
(143, 500, 200)
(144, 500, 200)
(145, 500, 200)
(146, 500, 200)
(147, 500, 200)
(148, 500, 200)
(149, 500, 200)
(150, 500, 200)
(151, 500, 200)
(152, 500, 200)
(153, 500, 200)
(154, 500, 200)
(155, 500, 200)
(156, 500, 200)
(157, 500, 200)
(158, 500, 200)
(159, 500, 200)
(160, 500, 200)
(161, 500, 200)
(162, 500, 200)
(163, 500, 200)
(164, 500, 200)
(165, 500, 200)
(166, 500, 200)
(167, 500, 200)
(168, 500, 200)
(169, 500, 200)
(170, 500, 200)
(171, 500, 200)
(172, 500, 200)
(173, 500, 200)
(174, 500, 200)
(175, 500, 200)
(176, 500, 200)
(177, 500, 200)
(178, 500, 200)
(179, 500, 200)
(180, 500, 200)
(181, 500, 200)
(182, 500, 200)
(183, 500, 200)
(184, 500, 200)
(185, 500, 200)
(186, 500, 200)
(187, 500, 200)
(188, 500, 200)
(189, 500, 200)
(190, 500, 200)
(191, 500, 200)
(192, 500, 200)
(193, 500, 200)
(194, 500, 200)
(195, 500, 200)
(196, 500, 200)
(197, 500, 200)
(198, 500, 200)
(199, 500, 200)
(200, 500, 200)
(201, 500, 200)
(202, 500, 200)
(203, 500, 200)
(204, 500, 200)
(205, 500, 200)
(206, 500, 200)
(207, 500, 200)
(208, 500, 200)
(209, 500, 200)
(210, 500, 200)
(211, 500, 200)
(212, 500, 200)
(213, 500, 200)
(214, 500, 200)
(215, 500, 200)
(216, 500, 200)
(217, 500, 200)
(218, 500, 200)
(219, 500, 200)
(220, 500, 200)
(221, 500, 200)
(222, 500, 200)
(223, 500, 200)
(224, 500, 200)
(225, 500, 200)
(226, 500, 200)
(227, 500, 200)
(228, 500, 200)
(229, 500, 200)
(230, 500, 200)
(231, 500, 200)
(232, 500, 200)
(233, 500, 200)
(234, 500, 200)
(235, 500, 200)
(236, 500, 200)
(237, 500, 200)
(238, 500, 200)
(239, 500, 200)
(240, 500, 200)
(241, 500, 200)
(242, 500, 200)
(243, 500, 200)
(244, 500, 200)
(245, 500, 200)
(246, 500, 200)
(247, 500, 200)
(248, 500, 200)
(249, 500, 200)
(250, 500, 200)
(251, 500, 200)
(252, 500, 200)
(253, 500, 200)
(254, 500, 200)
(255, 500, 200)
(256, 500, 200)
(257, 500, 200)
(258, 500, 200)
(259, 500, 200)
(260, 500, 200)
(261, 500, 200)
(262, 500, 200)
(263, 500, 200)
(264, 500, 200)
(265, 500, 200)
(266, 500, 200)
(267, 500, 200)
(268, 500, 200)
(269, 500, 200)
(270, 500, 200)
(271, 500, 200)
(272, 500, 200)
(273, 500, 200)
(274, 500, 200)
(275, 500, 200)
(276, 500, 200)
(277, 500, 200)
(278, 500, 200)
(279, 500, 200)
(280, 500, 200)
(281, 500, 200)
(282, 500, 200)
(283, 500, 200)
(284, 500, 200)
(285, 500, 200)
(286, 500, 200)
(287, 500, 200)
(288, 500, 200)
(289, 500, 200)
(290, 500, 200)
(291, 500, 200)
(292, 500, 200)
(293, 500, 200)
(294, 500, 200)
(295, 500, 200)
(296, 500, 200)
(297, 500, 200)
(298, 500, 200)
(299, 500, 200)
(300, 500, 200)
(301, 500, 200)
(302, 500, 200)
(303, 500, 200)
(304, 500, 200)
(305, 500, 200)
(306, 500, 200)
(307, 500, 200)
(308, 500, 200)
(309, 500, 200)
(310, 500, 200)
(311, 500, 200)
(312, 500, 200)
(313, 500, 200)
(314, 500, 200)
(315, 500, 200)
(316, 500, 200)
(317, 500, 200)
(318, 500, 200)
(319, 500, 200)
(320, 500, 200)
(321, 500, 200)
(322, 500, 200)
(323, 500, 200)
(324, 500, 200)
(325, 500, 200)
(326, 500, 200)
(327, 500, 200)
(328, 500, 200)
(329, 500, 200)
(330, 500, 200)
(331, 500, 200)
(332, 500, 200)
(333, 500, 200)
(334, 500, 200)
(335, 500, 200)
(336, 500, 200)
(337, 500, 200)
(338, 500, 200)
(339, 500, 200)
(340, 500, 200)
(341, 500, 200)
(342, 500, 200)
(343, 500, 200)
(344, 500, 200)
(345, 500, 200)
(346, 500, 200)
(347, 500, 200)
(348, 500, 200)
(349, 500, 200)
(350, 500, 200)
(351, 500, 200)
(352, 500, 200)
(353, 500, 200)
(354, 500, 200)
(355, 500, 200)
(356, 500, 200)
(357, 500, 200)
(358, 500, 200)
(359, 500, 200)
(360, 500, 200)
(361, 500, 200)
(362, 500, 200)
(363, 500, 200)
(364, 500, 200)
(365, 500, 200)
(366, 500, 200)
(367, 500, 200)
(368, 500, 200)
(369, 500, 200)
(370, 500, 200)
(371, 500, 200)
(372, 500, 200)
(373, 500, 200)
(374, 500, 200)
(375, 500, 200)
(376, 500, 200)
(377, 500, 200)
(378, 500, 200)
(379, 500, 200)
(380, 500, 200)
(381, 500, 200)
(382, 500, 200)
(383, 500, 200)
(384, 500, 200)
(385, 500, 200)
(386, 500, 200)
(387, 500, 200)
(388, 500, 200)
(389, 500, 200)
(390, 500, 200)
(391, 500, 200)
(392, 500, 200)
(393, 500, 200)
(394, 500, 200)
(395, 500, 200)
(396, 500, 200)
(397, 500, 200)
(398, 500, 200)
(399, 500, 200)
(400, 500, 200)
(401, 500, 200)
(402, 500, 200)
(403, 500, 200)
(404, 500, 200)
(405, 500, 200)
(406, 500, 200)
(407, 500, 200)
(408, 500, 200)
(409, 500, 200)
(410, 500, 200)
(411, 500, 200)
(412, 500, 200)
(413, 500, 200)
(414, 500, 200)
(415, 500, 200)
(416, 500, 200)
(417, 500, 200)
(418, 500, 200)
(419, 500, 200)
(420, 500, 200)
(421, 500, 200)
(422, 500, 200)
(423, 500, 200)
(424, 500, 200)
(425, 500, 200)
(426, 500, 200)
(427, 500, 200)
(428, 500, 200)
(429, 500, 200)
(430, 500, 200)
(431, 500, 200)
(432, 500, 200)
(433, 500, 200)
(434, 500, 200)
(435, 500, 200)
(436, 500, 200)
(437, 500, 200)
(438, 500, 200)
(439, 500, 200)
(440, 500, 200)
(441, 500, 200)
(442, 500, 200)
(443, 500, 200)
(444, 500, 200)
(445, 500, 200)
(446, 500, 200)
(447, 500, 200)
(448, 500, 200)
(449, 500, 200)
(450, 500, 200)
(451, 500, 200)
(452, 500, 200)
(453, 500, 200)
(454, 500, 200)
(455, 500, 200)
(456, 500, 200)
(457, 500, 200)
(458, 500, 200)
(459, 500, 200)
(460, 500, 200)
(461, 500, 200)
(462, 500, 200)
(463, 500, 200)
(464, 500, 200)
(465, 500, 200)
(466, 500, 200)
(467, 500, 200)
(468, 500, 200)
(469, 500, 200)
(470, 500, 200)
(471, 500, 200)
(472, 500, 200)
(473, 500, 200)
(474, 500, 200)
(475, 500, 200)
(476, 500, 200)
(477, 500, 200)
(478, 500, 200)
(479, 500, 200)
(480, 500, 200)
(481, 500, 200)
(482, 500, 200)
(483, 500, 200)
(484, 500, 200)
(485, 500, 200)
(486, 500, 200)
(487, 500, 200)
(488, 500, 200)
(489, 500, 200)
(490, 500, 200)
(491, 500, 200)
(492, 500, 200)
(493, 500, 200)
(494, 500, 200)
(495, 500, 200)
(496, 500, 200)
(497, 500, 200)
(498, 500, 200)
(499, 500, 200)
(500, 500, 200)
(501, 500, 200)
(502, 500, 200)
(503, 500, 200)
(504, 500, 200)
(505, 500, 200)
(506, 500, 200)
(507, 500, 200)
(508, 500, 200)
(509, 500, 200)
(510, 500, 200)
(511, 500, 200)
(512, 500, 200)
(513, 500, 200)
(514, 500, 200)
(515, 500, 200)
(516, 500, 200)
(517, 500, 200)
(518, 500, 200)
(519, 500, 200)
(520, 500, 200)
(521, 500, 200)
(522, 500, 200)
(523, 500, 200)
(524, 500, 200)
(525, 500, 200)
(526, 500, 200)
(527, 500, 200)
(528, 500, 200)
(529, 500, 200)
(530, 500, 200)
(531, 500, 200)
(532, 500, 200)
(533, 500, 200)
(534, 500, 200)
(535, 500, 200)
(536, 500, 200)
(537, 500, 200)
(538, 500, 200)
(539, 500, 200)
(540, 500, 200)
(541, 500, 200)
(542, 500, 200)
(543, 500, 200)
(544, 500, 200)
(545, 500, 200)
(546, 500, 200)
(547, 500, 200)
(548, 500, 200)
(549, 500, 200)
(550, 500, 200)
(551, 500, 200)
(552, 500, 200)
(553, 500, 200)
(554, 500, 200)
(555, 500, 200)
(556, 500, 200)
(557, 500, 200)
(558, 500, 200)
(559, 500, 200)
(560, 500, 200)
(561, 500, 200)
(562, 500, 200)
(563, 500, 200)
(564, 500, 200)
(565, 500, 200)
(566, 500, 200)
(567, 500, 200)
(568, 500, 200)
(569, 500, 200)
(570, 500, 200)
(571, 500, 200)
(572, 500, 200)
(573, 500, 200)
(574, 500, 200)
(575, 500, 200)
(576, 500, 200)
(577, 500, 200)
(578, 500, 200)
(579, 500, 200)
(580, 500, 200)
(581, 500, 200)
(582, 500, 200)
(583, 500, 200)
(584, 500, 200)
(585, 500, 200)
(586, 500, 200)
(587, 500, 200)
(588, 500, 200)
(589, 500, 200)
(590, 500, 200)
(591, 500, 200)
(592, 500, 200)
(593, 500, 200)
(594, 500, 200)
(595, 500, 200)
(596, 500, 200)
(597, 500, 200)
(598, 500, 200)
(599, 500, 200)
(600, 500, 200)
(601, 500, 200)
(602, 500, 200)
(603, 500, 200)
(604, 500, 200)
(605, 500, 200)
(606, 500, 200)
(607, 500, 200)
(608, 500, 200)
(609, 500, 200)
(610, 500, 200)
(611, 500, 200)
(612, 500, 200)
(613, 500, 200)
(614, 500, 200)
(615, 500, 200)
(616, 500, 200)
(617, 500, 200)
(618, 500, 200)
(619, 500, 200)
(620, 500, 200)
(621, 500, 200)
(622, 500, 200)
(623, 500, 200)
(624, 500, 200)
(625, 500, 200)
(626, 500, 200)
(627, 500, 200)
(628, 500, 200)
(629, 500, 200)
(630, 500, 200)
(631, 500, 200)
(632, 500, 200)
(633, 500, 200)
(634, 500, 200)
(635, 500, 200)
(636, 500, 200)
(637, 500, 200)
(638, 500, 200)
(639, 500, 200)
(640, 500, 200)
(641, 500, 200)
(642, 500, 200)
(643, 500, 200)
(644, 500, 200)
(645, 500, 200)
(646, 500, 200)
(647, 500, 200)
(648, 500, 200)
(649, 500, 200)
(650, 500, 200)
(651, 500, 200)
(652, 500, 200)
(653, 500, 200)
(654, 500, 200)
(655, 500, 200)
(656, 500, 200)
(657, 500, 200)
(658, 500, 200)
(659, 500, 200)
(660, 500, 200)
(661, 500, 200)
(662, 500, 200)
(663, 500, 200)
(664, 500, 200)
(665, 500, 200)
(666, 500, 200)
(667, 500, 200)
(668, 500, 200)
(669, 500, 200)
(670, 500, 200)
(671, 500, 200)
(672, 500, 200)
(673, 500, 200)
(674, 500, 200)
(675, 500, 200)
(676, 500, 200)
(677, 500, 200)
(678, 500, 200)
(679, 500, 200)
(680, 500, 200)
(681, 500, 200)
(682, 500, 200)
(683, 500, 200)
(684, 500, 200)
(685, 500, 200)
(686, 500, 200)
(687, 500, 200)
(688, 500, 200)
(689, 500, 200)
(690, 500, 200)
(691, 500, 200)
(692, 500, 200)
(693, 500, 200)
(694, 500, 200)
(695, 500, 200)
(696, 500, 200)
(697, 500, 200)
(698, 500, 200)
(699, 500, 200)
(700, 500, 200)
(701, 500, 200)
(702, 500, 200)
(703, 500, 200)
(704, 500, 200)
(705, 500, 200)
(706, 500, 200)
(707, 500, 200)
(708, 500, 200)
(709, 500, 200)
(710, 500, 200)
(711, 500, 200)
(712, 500, 200)
(713, 500, 200)
(714, 500, 200)
(715, 500, 200)
(716, 500, 200)
(717, 500, 200)
(718, 500, 200)
(719, 500, 200)
(720, 500, 200)
(721, 500, 200)
(722, 500, 200)
(723, 500, 200)
(724, 500, 200)
(725, 500, 200)
(726, 500, 200)
(727, 500, 200)
(728, 500, 200)
(729, 500, 200)
(730, 500, 200)
(731, 500, 200)
(732, 500, 200)
(733, 500, 200)
(734, 500, 200)
(735, 500, 200)
(736, 500, 200)
(737, 500, 200)
(738, 500, 200)
(739, 500, 200)
(740, 500, 200)
(741, 500, 200)
(742, 500, 200)
(743, 500, 200)
(744, 500, 200)
(745, 500, 200)
(746, 500, 200)
(747, 500, 200)
(748, 500, 200)
(749, 500, 200)
(750, 500, 200)
(751, 500, 200)
(752, 500, 200)
(753, 500, 200)
(754, 500, 200)
(755, 500, 200)
(756, 500, 200)
(757, 500, 200)
(758, 500, 200)
(759, 500, 200)
(760, 500, 200)
(761, 500, 200)
(762, 500, 200)
(763, 500, 200)
(764, 500, 200)
(765, 500, 200)
(766, 500, 200)
(767, 500, 200)
(768, 500, 200)
(769, 500, 200)
(770, 500, 200)
(771, 500, 200)
(772, 500, 200)
(773, 500, 200)
(774, 500, 200)
(775, 500, 200)
(776, 500, 200)
(777, 500, 200)
(778, 500, 200)
(779, 500, 200)
(780, 500, 200)
(781, 500, 200)
(782, 500, 200)
(783, 500, 200)
(784, 500, 200)
(785, 500, 200)
(786, 500, 200)
(787, 500, 200)
(788, 500, 200)
(789, 500, 200)
(790, 500, 200)
(791, 500, 200)
(792, 500, 200)
(793, 500, 200)
(794, 500, 200)
(795, 500, 200)
(796, 500, 200)
(797, 500, 200)
(798, 500, 200)
(799, 500, 200)
(800, 500, 200)
(801, 500, 200)
(802, 500, 200)
(803, 500, 200)
(804, 500, 200)
(805, 500, 200)
(806, 500, 200)
(807, 500, 200)
(808, 500, 200)
(809, 500, 200)
(810, 500, 200)
(811, 500, 200)
(812, 500, 200)
(813, 500, 200)
(814, 500, 200)
(815, 500, 200)
(816, 500, 200)
(817, 500, 200)
(818, 500, 200)
(819, 500, 200)
(820, 500, 200)
(821, 500, 200)
(822, 500, 200)
(823, 500, 200)
(824, 500, 200)
(825, 500, 200)
(826, 500, 200)
(827, 500, 200)
(828, 500, 200)
(829, 500, 200)
(830, 500, 200)
(831, 500, 200)
(832, 500, 200)
(833, 500, 200)
(834, 500, 200)
(835, 500, 200)
(836, 500, 200)
(837, 500, 200)
(838, 500, 200)
(839, 500, 200)
(840, 500, 200)
(841, 500, 200)
(842, 500, 200)
(843, 500, 200)
(844, 500, 200)
(845, 500, 200)
(846, 500, 200)
(847, 500, 200)
(848, 500, 200)
(849, 500, 200)
(850, 500, 200)
(851, 500, 200)
(852, 500, 200)
(853, 500, 200)
(854, 500, 200)
(855, 500, 200)
(856, 500, 200)
(857, 500, 200)
(858, 500, 200)
(859, 500, 200)
(860, 500, 200)
(861, 500, 200)
(862, 500, 200)
(863, 500, 200)
(864, 500, 200)
(865, 500, 200)
(866, 500, 200)
(867, 500, 200)
(868, 500, 200)
(869, 500, 200)
(870, 500, 200)
(871, 500, 200)
(872, 500, 200)
(873, 500, 200)
(874, 500, 200)
(875, 500, 200)
(876, 500, 200)
(877, 500, 200)
(878, 500, 200)
(879, 500, 200)
(880, 500, 200)
(881, 500, 200)
(882, 500, 200)
(883, 500, 200)
(884, 500, 200)
(885, 500, 200)
(886, 500, 200)
(887, 500, 200)
(888, 500, 200)
(889, 500, 200)
(890, 500, 200)
(891, 500, 200)
(892, 500, 200)
(893, 500, 200)
(894, 500, 200)
(895, 500, 200)
(896, 500, 200)
(897, 500, 200)
(898, 500, 200)
(899, 500, 200)
(900, 500, 200)
(901, 500, 200)
(902, 500, 200)
(903, 500, 200)
(904, 500, 200)
(905, 500, 200)
(906, 500, 200)
(907, 500, 200)
(908, 500, 200)
(909, 500, 200)
(910, 500, 200)
(911, 500, 200)
(912, 500, 200)
(913, 500, 200)
(914, 500, 200)
(915, 500, 200)
(916, 500, 200)
(917, 500, 200)
(918, 500, 200)
(919, 500, 200)
(920, 500, 200)
(921, 500, 200)
(922, 500, 200)
(923, 500, 200)
(924, 500, 200)
(925, 500, 200)
(926, 500, 200)
(927, 500, 200)
(928, 500, 200)
(929, 500, 200)
(930, 500, 200)
(931, 500, 200)
(932, 500, 200)
(933, 500, 200)
(934, 500, 200)
(935, 500, 200)
(936, 500, 200)
(937, 500, 200)
(938, 500, 200)
(939, 500, 200)
(940, 500, 200)
(941, 500, 200)
(942, 500, 200)
(943, 500, 200)
(944, 500, 200)
(945, 500, 200)
(946, 500, 200)
(947, 500, 200)
(948, 500, 200)
(949, 500, 200)
(950, 500, 200)
(951, 500, 200)
(952, 500, 200)
(953, 500, 200)
(954, 500, 200)
(955, 500, 200)
(956, 500, 200)
(957, 500, 200)
(958, 500, 200)
(959, 500, 200)
(960, 500, 200)
(961, 500, 200)
(962, 500, 200)
(963, 500, 200)
(964, 500, 200)
(965, 500, 200)
(966, 500, 200)
(967, 500, 200)
(968, 500, 200)
(969, 500, 200)
(970, 500, 200)
(971, 500, 200)
(972, 500, 200)
(973, 500, 200)
(974, 500, 200)
(975, 500, 200)
(976, 500, 200)
(977, 500, 200)
(978, 500, 200)
(979, 500, 200)
(980, 500, 200)
(981, 500, 200)
(982, 500, 200)
(983, 500, 200)
(984, 500, 200)
(985, 500, 200)
(986, 500, 200)
(987, 500, 200)
(988, 500, 200)
(989, 500, 200)
(990, 500, 200)
(991, 500, 200)
(992, 500, 200)
(993, 500, 200)
(994, 500, 200)
(995, 500, 200)
(996, 500, 200)
(997, 500, 200)
(998, 500, 200)
(999, 500, 200)
(1000, 500, 200)
(1001, 500, 200)
(1002, 500, 200)
(1003, 500, 200)
(1004, 500, 200)
(1005, 500, 200)
(1006, 500, 200)
(1007, 500, 200)
(1008, 500, 200)
(1009, 500, 200)
(1010, 500, 200)
(1011, 500, 200)
(1012, 500, 200)
(1013, 500, 200)
(1014, 500, 200)
(1015, 500, 200)
(1016, 500, 200)
(1017, 500, 200)
(1018, 500, 200)
(1019, 500, 200)
(1020, 500, 200)
(1021, 500, 200)
(1022, 500, 200)
(1023, 500, 200)
(1024, 500, 200)
(1025, 500, 200)
(1026, 500, 200)
(1027, 500, 200)
(1028, 500, 200)
(1029, 500, 200)
(1030, 500, 200)
(1031, 500, 200)
(1032, 500, 200)
(1033, 500, 200)
(1034, 500, 200)
(1035, 500, 200)
(1036, 500, 200)
(1037, 500, 200)
(1038, 500, 200)
(1039, 500, 200)
(1040, 500, 200)
(1041, 500, 200)
(1042, 500, 200)
(1043, 500, 200)
(1044, 500, 200)
(1045, 500, 200)
(1046, 500, 200)
(1047, 500, 200)
(1048, 500, 200)
(1049, 500, 200)
(1050, 500, 200)
(1051, 500, 200)
(1052, 500, 200)
(1053, 500, 200)
(1054, 500, 200)
(1055, 500, 200)
(1056, 500, 200)
(1057, 500, 200)
(1058, 500, 200)
(1059, 500, 200)
(1060, 500, 200)
(1061, 500, 200)
(1062, 500, 200)
(1063, 500, 200)
(1064, 500, 200)
(1065, 500, 200)
(1066, 500, 200)
(1067, 500, 200)
(1068, 500, 200)
(1069, 500, 200)
(1070, 500, 200)
(1071, 500, 200)
(1072, 500, 200)
(1073, 500, 200)
(1074, 500, 200)
(1075, 500, 200)
(1076, 500, 200)
(1077, 500, 200)
(1078, 500, 200)
(1079, 500, 200)
(1080, 500, 200)
(1081, 500, 200)
(1082, 500, 200)
(1083, 500, 200)
(1084, 500, 200)
(1085, 500, 200)
(1086, 500, 200)
(1087, 500, 200)
(1088, 500, 200)
(1089, 500, 200)
(1090, 500, 200)
(1091, 500, 200)
(1092, 500, 200)
(1093, 500, 200)
(1094, 500, 200)
(1095, 500, 200)
(1096, 500, 200)
(1097, 500, 200)
(1098, 500, 200)
(1099, 500, 200)
(1100, 500, 200)
(1101, 500, 200)
(1102, 500, 200)
(1103, 500, 200)
(1104, 500, 200)
(1105, 500, 200)
(1106, 500, 200)
(1107, 500, 200)
(1108, 500, 200)
(1109, 500, 200)
(1110, 500, 200)
(1111, 500, 200)
(1112, 500, 200)
(1113, 500, 200)
(1114, 500, 200)
(1115, 500, 200)
(1116, 500, 200)
(1117, 500, 200)
(1118, 500, 200)
(1119, 500, 200)
(1120, 500, 200)
(1121, 500, 200)
(1122, 500, 200)
(1123, 500, 200)
(1124, 500, 200)
(1125, 500, 200)
(1126, 500, 200)
(1127, 500, 200)
(1128, 500, 200)
(1129, 500, 200)
(1130, 500, 200)
(1131, 500, 200)
(1132, 500, 200)
(1133, 500, 200)
(1134, 500, 200)
(1135, 500, 200)
(1136, 500, 200)
(1137, 500, 200)
(1138, 500, 200)
(1139, 500, 200)
(1140, 500, 200)
(1141, 500, 200)
(1142, 500, 200)
(1143, 500, 200)
(1144, 500, 200)
(1145, 500, 200)
(1146, 500, 200)
(1147, 500, 200)
(1148, 500, 200)
(1149, 500, 200)
(1150, 500, 200)
(1151, 500, 200)
(1152, 500, 200)
(1153, 500, 200)
(1154, 500, 200)
(1155, 500, 200)
(1156, 500, 200)
(1157, 500, 200)
(1158, 500, 200)
(1159, 500, 200)
(1160, 500, 200)
(1161, 500, 200)
(1162, 500, 200)
(1163, 500, 200)
(1164, 500, 200)
(1165, 500, 200)
(1166, 500, 200)
(1167, 500, 200)
(1168, 500, 200)
(1169, 500, 200)
(1170, 500, 200)
(1171, 500, 200)
(1172, 500, 200)
(1173, 500, 200)
(1174, 500, 200)
(1175, 500, 200)
(1176, 500, 200)
(1177, 500, 200)
(1178, 500, 200)
(1179, 500, 200)
(1180, 500, 200)
(1181, 500, 200)
(1182, 500, 200)
(1183, 500, 200)
(1184, 500, 200)
(1185, 500, 200)
(1186, 500, 200)
(1187, 500, 200)
(1188, 500, 200)
(1189, 500, 200)
(1190, 500, 200)
(1191, 500, 200)
(1192, 500, 200)
(1193, 500, 200)
(1194, 500, 200)
(1195, 500, 200)
(1196, 500, 200)
(1197, 500, 200)
(1198, 500, 200)
(1199, 500, 200)
(1200, 500, 200)
(1201, 500, 200)
(1202, 500, 200)
(1203, 500, 200)
(1204, 500, 200)
(1205, 500, 200)
(1206, 500, 200)
(1207, 500, 200)
(1208, 500, 200)
(1209, 500, 200)
(1210, 500, 200)
(1211, 500, 200)
(1212, 500, 200)
(1213, 500, 200)
(1214, 500, 200)
(1215, 500, 200)
(1216, 500, 200)
(1217, 500, 200)
(1218, 500, 200)
(1219, 500, 200)
(1220, 500, 200)
(1221, 500, 200)
(1222, 500, 200)
(1223, 500, 200)
(1224, 500, 200)
(1225, 500, 200)
(1226, 500, 200)
(1227, 500, 200)
(1228, 500, 200)
(1229, 500, 200)
(1230, 500, 200)
(1231, 500, 200)
(1232, 500, 200)
(1233, 500, 200)
(1234, 500, 200)
(1235, 500, 200)
(1236, 500, 200)
(1237, 500, 200)
(1238, 500, 200)
(1239, 500, 200)
(1240, 500, 200)
(1241, 500, 200)
(1242, 500, 200)
(1243, 500, 200)
(1244, 500, 200)
(1245, 500, 200)
(1246, 500, 200)
(1247, 500, 200)
(1248, 500, 200)
(1249, 500, 200)
(1250, 500, 200)
(1251, 500, 200)
(1252, 500, 200)
(1253, 500, 200)
(1254, 500, 200)
(1255, 500, 200)
(1256, 500, 200)
(1257, 500, 200)
(1258, 500, 200)
(1259, 500, 200)
(1260, 500, 200)
(1261, 500, 200)
(1262, 500, 200)
(1263, 500, 200)
(1264, 500, 200)
(1265, 500, 200)
(1266, 500, 200)
(1267, 500, 200)
(1268, 500, 200)
(1269, 500, 200)
(1270, 500, 200)
(1271, 500, 200)
(1272, 500, 200)
(1273, 500, 200)
(1274, 500, 200)
(1275, 500, 200)
(1276, 500, 200)
(1277, 500, 200)
(1278, 500, 200)
(1279, 500, 200)
(1280, 500, 200)
(1281, 500, 200)
(1282, 500, 200)
(1283, 500, 200)
(1284, 500, 200)
(1285, 500, 200)
(1286, 500, 200)
(1287, 500, 200)
(1288, 500, 200)
(1289, 500, 200)
(1290, 500, 200)
(1291, 500, 200)
(1292, 500, 200)
(1293, 500, 200)
(1294, 500, 200)
(1295, 500, 200)
(1296, 500, 200)
(1297, 500, 200)
(1298, 500, 200)
(1299, 500, 200)
(1300, 500, 200)
(1301, 500, 200)
(1302, 500, 200)
(1303, 500, 200)
(1304, 500, 200)
(1305, 500, 200)
(1306, 500, 200)
(1307, 500, 200)
(1308, 500, 200)
(1309, 500, 200)
(1310, 500, 200)
(1311, 500, 200)
(1312, 500, 200)
(1313, 500, 200)
(1314, 500, 200)
(1315, 500, 200)
(1316, 500, 200)
(1317, 500, 200)
(1318, 500, 200)
(1319, 500, 200)
(1320, 500, 200)
(1321, 500, 200)
(1322, 500, 200)
(1323, 500, 200)
(1324, 500, 200)
(1325, 500, 200)
(1326, 500, 200)
(1327, 500, 200)
(1328, 500, 200)
(1329, 500, 200)
(1330, 500, 200)
(1331, 500, 200)
(1332, 500, 200)
(1333, 500, 200)
(1334, 500, 200)
(1335, 500, 200)
(1336, 500, 200)
(1337, 500, 200)
(1338, 500, 200)
(1339, 500, 200)
(1340, 500, 200)
(1341, 500, 200)
(1342, 500, 200)
(1343, 500, 200)
(1344, 500, 200)
(1345, 500, 200)
(1346, 500, 200)
(1347, 500, 200)
(1348, 500, 200)
(1349, 500, 200)
(1350, 500, 200)
(1351, 500, 200)
(1352, 500, 200)
(1353, 500, 200)
(1354, 500, 200)
(1355, 500, 200)
(1356, 500, 200)
(1357, 500, 200)
(1358, 500, 200)
(1359, 500, 200)
(1360, 500, 200)
(1361, 500, 200)
(1362, 500, 200)
(1363, 500, 200)
(1364, 500, 200)
(1365, 500, 200)
(1366, 500, 200)
(1367, 500, 200)
(1368, 500, 200)
(1369, 500, 200)
(1370, 500, 200)
(1371, 500, 200)
(1372, 500, 200)
(1373, 500, 200)
(1374, 500, 200)
(1375, 500, 200)
(1376, 500, 200)
(1377, 500, 200)
(1378, 500, 200)
(1379, 500, 200)
(1380, 500, 200)
(1381, 500, 200)
(1382, 500, 200)
(1383, 500, 200)
(1384, 500, 200)
(1385, 500, 200)
(1386, 500, 200)
(1387, 500, 200)
(1388, 500, 200)
(1389, 500, 200)
(1390, 500, 200)
(1391, 500, 200)
(1392, 500, 200)
(1393, 500, 200)
(1394, 500, 200)
(1395, 500, 200)
(1396, 500, 200)
(1397, 500, 200)
(1398, 500, 200)
(1399, 500, 200)
(1400, 500, 200)
(1401, 500, 200)
(1402, 500, 200)
(1403, 500, 200)
(1404, 500, 200)
(1405, 500, 200)
(1406, 500, 200)
(1407, 500, 200)
(1408, 500, 200)
(1409, 500, 200)
(1410, 500, 200)
(1411, 500, 200)
(1412, 500, 200)
(1413, 500, 200)
(1414, 500, 200)
(1415, 500, 200)
(1416, 500, 200)
(1417, 500, 200)
(1418, 500, 200)
(1419, 500, 200)
(1420, 500, 200)
(1421, 500, 200)
(1422, 500, 200)
(1423, 500, 200)
(1424, 500, 200)
(1425, 500, 200)
(1426, 500, 200)
(1427, 500, 200)
(1428, 500, 200)
(1429, 500, 200)
(1430, 500, 200)
(1431, 500, 200)
(1432, 500, 200)
(1433, 500, 200)
(1434, 500, 200)
(1435, 500, 200)
(1436, 500, 200)
(1437, 500, 200)
(1438, 500, 200)
(1439, 500, 200)
(1440, 500, 200)
(1441, 500, 200)
(1442, 500, 200)
(1443, 500, 200)
(1444, 500, 200)
(1445, 500, 200)
(1446, 500, 200)
(1447, 500, 200)
(1448, 500, 200)
(1449, 500, 200)
(1450, 500, 200)
(1451, 500, 200)
(1452, 500, 200)
(1453, 500, 200)
(1454, 500, 200)
(1455, 500, 200)
(1456, 500, 200)
(1457, 500, 200)
(1458, 500, 200)
(1459, 500, 200)
(1460, 500, 200)
(1461, 500, 200)
(1462, 500, 200)
(1463, 500, 200)
(1464, 500, 200)
(1465, 500, 200)
(1466, 500, 200)
(1467, 500, 200)
(1468, 500, 200)
(1469, 500, 200)
(1470, 500, 200)
(1471, 500, 200)
(1472, 500, 200)
(1473, 500, 200)
(1474, 500, 200)
(1475, 500, 200)
(1476, 500, 200)
(1477, 500, 200)
(1478, 500, 200)
(1479, 500, 200)
(1480, 500, 200)
(1481, 500, 200)
(1482, 500, 200)
(1483, 500, 200)
(1484, 500, 200)
(1485, 500, 200)
(1486, 500, 200)
(1487, 500, 200)
(1488, 500, 200)
(1489, 500, 200)
(1490, 500, 200)
(1491, 500, 200)
(1492, 500, 200)
(1493, 500, 200)
(1494, 500, 200)
(1495, 500, 200)
(1496, 500, 200)
(1497, 500, 200)
(1498, 500, 200)
(1499, 500, 200)
(1500, 500, 200)
(1501, 500, 200)
(1502, 500, 200)
(1503, 500, 200)
(1504, 500, 200)
(1505, 500, 200)
(1506, 500, 200)
(1507, 500, 200)
(1508, 500, 200)
(1509, 500, 200)
(1510, 500, 200)
(1511, 500, 200)
(1512, 500, 200)
(1513, 500, 200)
(1514, 500, 200)
(1515, 500, 200)
(1516, 500, 200)
(1517, 500, 200)
(1518, 500, 200)
(1519, 500, 200)
(1520, 500, 200)
(1521, 500, 200)
(1522, 500, 200)
(1523, 500, 200)
(1524, 500, 200)
(1525, 500, 200)
(1526, 500, 200)
(1527, 500, 200)
(1528, 500, 200)
(1529, 500, 200)
(1530, 500, 200)
(1531, 500, 200)
(1532, 500, 200)
(1533, 500, 200)
(1534, 500, 200)
(1535, 500, 200)
(1536, 500, 200)
(1537, 500, 200)
(1538, 500, 200)
(1539, 500, 200)
(1540, 500, 200)
(1541, 500, 200)
(1542, 500, 200)
(1543, 500, 200)
(1544, 500, 200)
(1545, 500, 200)
(1546, 500, 200)
(1547, 500, 200)
(1548, 500, 200)
(1549, 500, 200)
(1550, 500, 200)
(1551, 500, 200)
(1552, 500, 200)
(1553, 500, 200)
(1554, 500, 200)
(1555, 500, 200)
(1556, 500, 200)
(1557, 500, 200)
(1558, 500, 200)
(1559, 500, 200)
(1560, 500, 200)
(1561, 500, 200)
(1562, 500, 200)
(1563, 500, 200)
(1564, 500, 200)
(1565, 500, 200)
(1566, 500, 200)
(1567, 500, 200)
(1568, 500, 200)
(1569, 500, 200)
(1570, 500, 200)
(1571, 500, 200)
(1572, 500, 200)
(1573, 500, 200)
(1574, 500, 200)
(1575, 500, 200)
(1576, 500, 200)
(1577, 500, 200)
(1578, 500, 200)
(1579, 500, 200)
(1580, 500, 200)
(1581, 500, 200)
(1582, 500, 200)
(1583, 500, 200)
(1584, 500, 200)
(1585, 500, 200)
(1586, 500, 200)
(1587, 500, 200)
(1588, 500, 200)
(1589, 500, 200)
(1590, 500, 200)
(1591, 500, 200)
(1592, 500, 200)
(1593, 500, 200)
(1594, 500, 200)
(1595, 500, 200)
(1596, 500, 200)
(1597, 500, 200)
(1598, 500, 200)
(1599, 500, 200)
(1600, 500, 200)
(1601, 500, 200)
(1602, 500, 200)
(1603, 500, 200)
(1604, 500, 200)
(1605, 500, 200)
(1606, 500, 200)
(1607, 500, 200)
(1608, 500, 200)
(1609, 500, 200)
(1610, 500, 200)
(1611, 500, 200)
(1612, 500, 200)
(1613, 500, 200)
(1614, 500, 200)
(1615, 500, 200)
(1616, 500, 200)
(1617, 500, 200)
(1618, 500, 200)
(1619, 500, 200)
(1620, 500, 200)
(1621, 500, 200)
(1622, 500, 200)
(1623, 500, 200)
(1624, 500, 200)
(1625, 500, 200)
(1626, 500, 200)
(1627, 500, 200)
(1628, 500, 200)
(1629, 500, 200)
(1630, 500, 200)
(1631, 500, 200)
(1632, 500, 200)
(1633, 500, 200)
(1634, 500, 200)
(1635, 500, 200)
(1636, 500, 200)
(1637, 500, 200)
(1638, 500, 200)
(1639, 500, 200)
(1640, 500, 200)
(1641, 500, 200)
(1642, 500, 200)
(1643, 500, 200)
(1644, 500, 200)
(1645, 500, 200)
(1646, 500, 200)
(1647, 500, 200)
(1648, 500, 200)
(1649, 500, 200)
(1650, 500, 200)
(1651, 500, 200)
(1652, 500, 200)
(1653, 500, 200)
(1654, 500, 200)
(1655, 500, 200)
(1656, 500, 200)
(1657, 500, 200)
(1658, 500, 200)
(1659, 500, 200)
(1660, 500, 200)
(1661, 500, 200)
(1662, 500, 200)
(1663, 500, 200)
(1664, 500, 200)
(1665, 500, 200)
(1666, 500, 200)
(1667, 500, 200)
(1668, 500, 200)
(1669, 500, 200)
(1670, 500, 200)
(1671, 500, 200)
(1672, 500, 200)
(1673, 500, 200)
(1674, 500, 200)
(1675, 500, 200)
(1676, 500, 200)
(1677, 500, 200)
(1678, 500, 200)
(1679, 500, 200)
(1680, 500, 200)
(1681, 500, 200)
(1682, 500, 200)
(1683, 500, 200)
(1684, 500, 200)
(1685, 500, 200)
(1686, 500, 200)
(1687, 500, 200)
(1688, 500, 200)
(1689, 500, 200)
(1690, 500, 200)
(1691, 500, 200)
(1692, 500, 200)
(1693, 500, 200)
(1694, 500, 200)
(1695, 500, 200)
(1696, 500, 200)
(1697, 500, 200)
(1698, 500, 200)
(1699, 500, 200)
(1700, 500, 200)
(1701, 500, 200)
(1702, 500, 200)
(1703, 500, 200)
(1704, 500, 200)
(1705, 500, 200)
(1706, 500, 200)
(1707, 500, 200)
(1708, 500, 200)
(1709, 500, 200)
(1710, 500, 200)
(1711, 500, 200)
(1712, 500, 200)
(1713, 500, 200)
(1714, 500, 200)
(1715, 500, 200)
(1716, 500, 200)
(1717, 500, 200)
(1718, 500, 200)
(1719, 500, 200)
(1720, 500, 200)
(1721, 500, 200)
(1722, 500, 200)
(1723, 500, 200)
(1724, 500, 200)
(1725, 500, 200)
(1726, 500, 200)
(1727, 500, 200)
(1728, 500, 200)
(1729, 500, 200)
(1730, 500, 200)
(1731, 500, 200)
(1732, 500, 200)
(1733, 500, 200)
(1734, 500, 200)
(1735, 500, 200)
(1736, 500, 200)
(1737, 500, 200)
(1738, 500, 200)
(1739, 500, 200)
(1740, 500, 200)
(1741, 500, 200)
(1742, 500, 200)
(1743, 500, 200)
(1744, 500, 200)
(1745, 500, 200)
(1746, 500, 200)
(1747, 500, 200)
(1748, 500, 200)
(1749, 500, 200)
(1750, 500, 200)
(1751, 500, 200)
(1752, 500, 200)
(1753, 500, 200)
(1754, 500, 200)
(1755, 500, 200)
(1756, 500, 200)
(1757, 500, 200)
(1758, 500, 200)
(1759, 500, 200)
(1760, 500, 200)
(1761, 500, 200)
(1762, 500, 200)
(1763, 500, 200)
(1764, 500, 200)
(1765, 500, 200)
(1766, 500, 200)
(1767, 500, 200)
(1768, 500, 200)
(1769, 500, 200)
(1770, 500, 200)
(1771, 500, 200)
(1772, 500, 200)
(1773, 500, 200)
(1774, 500, 200)
(1775, 500, 200)
(1776, 500, 200)
(1777, 500, 200)
(1778, 500, 200)
(1779, 500, 200)
(1780, 500, 200)
(1781, 500, 200)
(1782, 500, 200)
(1783, 500, 200)
(1784, 500, 200)
(1785, 500, 200)
(1786, 500, 200)
(1787, 500, 200)
(1788, 500, 200)
(1789, 500, 200)
(1790, 500, 200)
(1791, 500, 200)
(1792, 500, 200)
(1793, 500, 200)
(1794, 500, 200)
(1795, 500, 200)
(1796, 500, 200)
(1797, 500, 200)
(1798, 500, 200)
(1799, 500, 200)
(1800, 500, 200)
(1801, 500, 200)
(1802, 500, 200)
(1803, 500, 200)
(1804, 500, 200)
(1805, 500, 200)
(1806, 500, 200)
(1807, 500, 200)
(1808, 500, 200)
(1809, 500, 200)
(1810, 500, 200)
(1811, 500, 200)
(1812, 500, 200)
(1813, 500, 200)
(1814, 500, 200)
(1815, 500, 200)
(1816, 500, 200)
(1817, 500, 200)
(1818, 500, 200)
(1819, 500, 200)
(1820, 500, 200)
(1821, 500, 200)
(1822, 500, 200)
(1823, 500, 200)
(1824, 500, 200)
(1825, 500, 200)
(1826, 500, 200)
(1827, 500, 200)
(1828, 500, 200)
(1829, 500, 200)
(1830, 500, 200)
(1831, 500, 200)
(1832, 500, 200)
(1833, 500, 200)
(1834, 500, 200)
(1835, 500, 200)
(1836, 500, 200)
(1837, 500, 200)
(1838, 500, 200)
(1839, 500, 200)
(1840, 500, 200)
(1841, 500, 200)
(1842, 500, 200)
(1843, 500, 200)
(1844, 500, 200)
(1845, 500, 200)
(1846, 500, 200)
(1847, 500, 200)
(1848, 500, 200)
(1849, 500, 200)
(1850, 500, 200)
(1851, 500, 200)
(1852, 500, 200)
(1853, 500, 200)
(1854, 500, 200)
(1855, 500, 200)
(1856, 500, 200)
(1857, 500, 200)
(1858, 500, 200)
(1859, 500, 200)
(1860, 500, 200)
(1861, 500, 200)
(1862, 500, 200)
(1863, 500, 200)
(1864, 500, 200)
(1865, 500, 200)
(1866, 500, 200)
(1867, 500, 200)
(1868, 500, 200)
(1869, 500, 200)
(1870, 500, 200)
(1871, 500, 200)
(1872, 500, 200)
(1873, 500, 200)
(1874, 500, 200)
(1875, 500, 200)
(1876, 500, 200)
(1877, 500, 200)
(1878, 500, 200)
(1879, 500, 200)
(1880, 500, 200)
(1881, 500, 200)
(1882, 500, 200)
(1883, 500, 200)
(1884, 500, 200)
(1885, 500, 200)
(1886, 500, 200)
(1887, 500, 200)
(1888, 500, 200)
(1889, 500, 200)
(1890, 500, 200)
(1891, 500, 200)
(1892, 500, 200)
(1893, 500, 200)
(1894, 500, 200)
(1895, 500, 200)
(1896, 500, 200)
(1897, 500, 200)
(1898, 500, 200)
(1899, 500, 200)
(1900, 500, 200)
(1901, 500, 200)
(1902, 500, 200)
(1903, 500, 200)
(1904, 500, 200)
(1905, 500, 200)
(1906, 500, 200)
(1907, 500, 200)
(1908, 500, 200)
(1909, 500, 200)
(1910, 500, 200)
(1911, 500, 200)
(1912, 500, 200)
(1913, 500, 200)
(1914, 500, 200)
(1915, 500, 200)
(1916, 500, 200)
(1917, 500, 200)
(1918, 500, 200)
(1919, 500, 200)
(1920, 500, 200)
(1921, 500, 200)
(1922, 500, 200)
(1923, 500, 200)
(1924, 500, 200)
(1925, 500, 200)
(1926, 500, 200)
(1927, 500, 200)
(1928, 500, 200)
(1929, 500, 200)
(1930, 500, 200)
(1931, 500, 200)
(1932, 500, 200)
(1933, 500, 200)
(1934, 500, 200)
(1935, 500, 200)
(1936, 500, 200)
(1937, 500, 200)
(1938, 500, 200)
(1939, 500, 200)
(1940, 500, 200)
(1941, 500, 200)
(1942, 500, 200)
(1943, 500, 200)
(1944, 500, 200)
(1945, 500, 200)
(1946, 500, 200)
(1947, 500, 200)
(1948, 500, 200)
(1949, 500, 200)
(1950, 500, 200)
(1951, 500, 200)
(1952, 500, 200)
(1953, 500, 200)
(1954, 500, 200)
(1955, 500, 200)
(1956, 500, 200)
(1957, 500, 200)
(1958, 500, 200)
(1959, 500, 200)
(1960, 500, 200)
(1961, 500, 200)
(1962, 500, 200)
(1963, 500, 200)
(1964, 500, 200)
(1965, 500, 200)
(1966, 500, 200)
(1967, 500, 200)
(1968, 500, 200)
(1969, 500, 200)
(1970, 500, 200)
(1971, 500, 200)
(1972, 500, 200)
(1973, 500, 200)
(1974, 500, 200)
(1975, 500, 200)
(1976, 500, 200)
(1977, 500, 200)
(1978, 500, 200)
(1979, 500, 200)
(1980, 500, 200)
(1981, 500, 200)
(1982, 500, 200)
(1983, 500, 200)
(1984, 500, 200)
(1985, 500, 200)
(1986, 500, 200)
(1987, 500, 200)
(1988, 500, 200)
(1989, 500, 200)
(1990, 500, 200)
(1991, 500, 200)
(1992, 500, 200)
(1993, 500, 200)
(1994, 500, 200)
(1995, 500, 200)
(1996, 500, 200)
(1997, 500, 200)
(1998, 500, 200)
(1999, 500, 200)
(2000, 500, 200)
(2001, 500, 200)
(2002, 500, 200)
(2003, 500, 200)
(2004, 500, 200)
(2005, 500, 200)
(2006, 500, 200)
(2007, 500, 200)
(2008, 500, 200)
(2009, 500, 200)
(2010, 500, 200)
(2011, 500, 200)
(2012, 500, 200)
(2013, 500, 200)
(2014, 500, 200)
(2015, 500, 200)
(2016, 500, 200)
(2017, 500, 200)
(2018, 500, 200)
(2019, 500, 200)
(2020, 500, 200)
(2021, 500, 200)
(2022, 500, 200)
(2023, 500, 200)
(2024, 500, 200)
(2025, 500, 200)
(2026, 500, 200)
(2027, 500, 200)
(2028, 500, 200)
(2029, 500, 200)
(2030, 500, 200)
(2031, 500, 200)
(2032, 500, 200)
(2033, 500, 200)
(2034, 500, 200)
(2035, 500, 200)
(2036, 500, 200)
(2037, 500, 200)
(2038, 500, 200)
(2039, 500, 200)
(2040, 500, 200)
(2041, 500, 200)
(2042, 500, 200)
(2043, 500, 200)
(2044, 500, 200)
(2045, 500, 200)
(2046, 500, 200)
(2047, 500, 200)
(2048, 500, 200)
(2049, 500, 200)
(2050, 500, 200)
(2051, 500, 200)
(2052, 500, 200)
(2053, 500, 200)
(2054, 500, 200)
(2055, 500, 200)
(2056, 500, 200)
(2057, 500, 200)
(2058, 500, 200)
(2059, 500, 200)
(2060, 500, 200)
(2061, 500, 200)
(2062, 500, 200)
(2063, 500, 200)
(2064, 500, 200)
(2065, 500, 200)
(2066, 500, 200)
(2067, 500, 200)
(2068, 500, 200)
(2069, 500, 200)
(2070, 500, 200)
(2071, 500, 200)
(2072, 500, 200)
(2073, 500, 200)
(2074, 500, 200)
(2075, 500, 200)
(2076, 500, 200)
(2077, 500, 200)
(2078, 500, 200)
(2079, 500, 200)
(2080, 500, 200)
(2081, 500, 200)
(2082, 500, 200)
(2083, 500, 200)
(2084, 500, 200)
(2085, 500, 200)
(2086, 500, 200)
(2087, 500, 200)
(2088, 500, 200)
(2089, 500, 200)
(2090, 500, 200)
(2091, 500, 200)
(2092, 500, 200)
(2093, 500, 200)
(2094, 500, 200)
(2095, 500, 200)
(2096, 500, 200)
(2097, 500, 200)
(2098, 500, 200)
(2099, 500, 200)
(2100, 500, 200)
(2101, 500, 200)
(2102, 500, 200)
(2103, 500, 200)
(2104, 500, 200)
(2105, 500, 200)
(2106, 500, 200)
(2107, 500, 200)
(2108, 500, 200)
(2109, 500, 200)
(2110, 500, 200)
(2111, 500, 200)
(2112, 500, 200)
(2113, 500, 200)
(2114, 500, 200)
(2115, 500, 200)
(2116, 500, 200)
(2117, 500, 200)
(2118, 500, 200)
(2119, 500, 200)
(2120, 500, 200)
(2121, 500, 200)
(2122, 500, 200)
(2123, 500, 200)
(2124, 500, 200)
(2125, 500, 200)
(2126, 500, 200)
(2127, 500, 200)
(2128, 500, 200)
(2129, 500, 200)
(2130, 500, 200)
(2131, 500, 200)
(2132, 500, 200)
(2133, 500, 200)
(2134, 500, 200)
(2135, 500, 200)
(2136, 500, 200)
(2137, 500, 200)
(2138, 500, 200)
(2139, 500, 200)
(2140, 500, 200)
(2141, 500, 200)
(2142, 500, 200)
(2143, 500, 200)
(2144, 500, 200)
(2145, 500, 200)
(2146, 500, 200)
(2147, 500, 200)
(2148, 500, 200)
(2149, 500, 200)
(2150, 500, 200)
(2151, 500, 200)
(2152, 500, 200)
(2153, 500, 200)
(2154, 500, 200)
(2155, 500, 200)
(2156, 500, 200)
(2157, 500, 200)
(2158, 500, 200)
(2159, 500, 200)
(2160, 500, 200)
(2161, 500, 200)
(2162, 500, 200)
(2163, 500, 200)
(2164, 500, 200)
(2165, 500, 200)
(2166, 500, 200)
(2167, 500, 200)
(2168, 500, 200)
(2169, 500, 200)
(2170, 500, 200)
(2171, 500, 200)
(2172, 500, 200)
(2173, 500, 200)
(2174, 500, 200)
(2175, 500, 200)
(2176, 500, 200)
(2177, 500, 200)
(2178, 500, 200)
(2179, 500, 200)
(2180, 500, 200)
(2181, 500, 200)
(2182, 500, 200)
(2183, 500, 200)
(2184, 500, 200)
(2185, 500, 200)
(2186, 500, 200)
(2187, 500, 200)
(2188, 500, 200)
(2189, 500, 200)
(2190, 500, 200)
(2191, 500, 200)
(2192, 500, 200)
(2193, 500, 200)
(2194, 500, 200)
(2195, 500, 200)
(2196, 500, 200)
(2197, 500, 200)
(2198, 500, 200)
(2199, 500, 200)
(2200, 500, 200)
(2201, 500, 200)
(2202, 500, 200)
(2203, 500, 200)
(2204, 500, 200)
(2205, 500, 200)
(2206, 500, 200)
(2207, 500, 200)
(2208, 500, 200)
(2209, 500, 200)
(2210, 500, 200)
(2211, 500, 200)
(2212, 500, 200)
(2213, 500, 200)
(2214, 500, 200)
(2215, 500, 200)
(2216, 500, 200)
(2217, 500, 200)
(2218, 500, 200)
(2219, 500, 200)
(2220, 500, 200)
(2221, 500, 200)
(2222, 500, 200)
(2223, 500, 200)
(2224, 500, 200)
(2225, 500, 200)
(2226, 500, 200)
(2227, 500, 200)
(2228, 500, 200)
(2229, 500, 200)
(2230, 500, 200)
(2231, 500, 200)
(2232, 500, 200)
(2233, 500, 200)
(2234, 500, 200)
(2235, 500, 200)
(2236, 500, 200)
(2237, 500, 200)
(2238, 500, 200)
(2239, 500, 200)
(2240, 500, 200)
(2241, 500, 200)
(2242, 500, 200)
(2243, 500, 200)
(2244, 500, 200)
(2245, 500, 200)
(2246, 500, 200)
(2247, 500, 200)
(2248, 500, 200)
(2249, 500, 200)
(2250, 500, 200)
(2251, 500, 200)
(2252, 500, 200)
(2253, 500, 200)
(2254, 500, 200)
(2255, 500, 200)
(2256, 500, 200)
(2257, 500, 200)
(2258, 500, 200)
(2259, 500, 200)
(2260, 500, 200)
(2261, 500, 200)
(2262, 500, 200)
(2263, 500, 200)
(2264, 500, 200)
(2265, 500, 200)
(2266, 500, 200)
(2267, 500, 200)
(2268, 500, 200)
(2269, 500, 200)
(2270, 500, 200)
(2271, 500, 200)
(2272, 500, 200)
(2273, 500, 200)
(2274, 500, 200)
(2275, 500, 200)
(2276, 500, 200)
(2277, 500, 200)
(2278, 500, 200)
(2279, 500, 200)
(2280, 500, 200)
(2281, 500, 200)
(2282, 500, 200)
(2283, 500, 200)
(2284, 500, 200)
(2285, 500, 200)
(2286, 500, 200)
(2287, 500, 200)
(2288, 500, 200)
(2289, 500, 200)
(2290, 500, 200)
(2291, 500, 200)
(2292, 500, 200)
(2293, 500, 200)
(2294, 500, 200)
(2295, 500, 200)
(2296, 500, 200)
(2297, 500, 200)
(2298, 500, 200)
(2299, 500, 200)
(2300, 500, 200)
(2301, 500, 200)
(2302, 500, 200)
(2303, 500, 200)
(2304, 500, 200)
(2305, 500, 200)
(2306, 500, 200)
(2307, 500, 200)
(2308, 500, 200)
(2309, 500, 200)
(2310, 500, 200)
(2311, 500, 200)
(2312, 500, 200)
(2313, 500, 200)
(2314, 500, 200)
(2315, 500, 200)
(2316, 500, 200)
(2317, 500, 200)
(2318, 500, 200)
(2319, 500, 200)
(2320, 500, 200)
(2321, 500, 200)
(2322, 500, 200)
(2323, 500, 200)
(2324, 500, 200)
(2325, 500, 200)
(2326, 500, 200)
(2327, 500, 200)
(2328, 500, 200)
(2329, 500, 200)
(2330, 500, 200)
(2331, 500, 200)
(2332, 500, 200)
(2333, 500, 200)
(2334, 500, 200)
(2335, 500, 200)
(2336, 500, 200)
(2337, 500, 200)
(2338, 500, 200)
(2339, 500, 200)
(2340, 500, 200)
(2341, 500, 200)
(2342, 500, 200)
(2343, 500, 200)
(2344, 500, 200)
(2345, 500, 200)
(2346, 500, 200)
(2347, 500, 200)
(2348, 500, 200)
(2349, 500, 200)
(2350, 500, 200)
(2351, 500, 200)
(2352, 500, 200)
(2353, 500, 200)
(2354, 500, 200)
(2355, 500, 200)
(2356, 500, 200)
(2357, 500, 200)
(2358, 500, 200)
(2359, 500, 200)
(2360, 500, 200)
(2361, 500, 200)
(2362, 500, 200)
(2363, 500, 200)
(2364, 500, 200)
(2365, 500, 200)
(2366, 500, 200)
(2367, 500, 200)
(2368, 500, 200)
(2369, 500, 200)
(2370, 500, 200)
(2371, 500, 200)
(2372, 500, 200)
(2373, 500, 200)
(2374, 500, 200)
(2375, 500, 200)
(2376, 500, 200)
(2377, 500, 200)
(2378, 500, 200)
(2379, 500, 200)
(2380, 500, 200)
(2381, 500, 200)
(2382, 500, 200)
(2383, 500, 200)
(2384, 500, 200)
(2385, 500, 200)
(2386, 500, 200)
(2387, 500, 200)
(2388, 500, 200)
(2389, 500, 200)
(2390, 500, 200)
(2391, 500, 200)
(2392, 500, 200)
(2393, 500, 200)
(2394, 500, 200)
(2395, 500, 200)
(2396, 500, 200)
(2397, 500, 200)
(2398, 500, 200)
(2399, 500, 200)
(2400, 500, 200)
(2401, 500, 200)
(2402, 500, 200)
(2403, 500, 200)
(2404, 500, 200)
(2405, 500, 200)
(2406, 500, 200)
(2407, 500, 200)
(2408, 500, 200)
(2409, 500, 200)
(2410, 500, 200)
(2411, 500, 200)
(2412, 500, 200)
(2413, 500, 200)
(2414, 500, 200)
(2415, 500, 200)
(2416, 500, 200)
(2417, 500, 200)
(2418, 500, 200)
(2419, 500, 200)
(2420, 500, 200)
(2421, 500, 200)
(2422, 500, 200)
(2423, 500, 200)
(2424, 500, 200)
(2425, 500, 200)
(2426, 500, 200)
(2427, 500, 200)
(2428, 500, 200)
(2429, 500, 200)
(2430, 500, 200)
(2431, 500, 200)
(2432, 500, 200)
(2433, 500, 200)
(2434, 500, 200)
(2435, 500, 200)
(2436, 500, 200)
(2437, 500, 200)
(2438, 500, 200)
(2439, 500, 200)
(2440, 500, 200)
(2441, 500, 200)
(2442, 500, 200)
(2443, 500, 200)
(2444, 500, 200)
(2445, 500, 200)
(2446, 500, 200)
(2447, 500, 200)
(2448, 500, 200)
(2449, 500, 200)
(2450, 500, 200)
(2451, 500, 200)
(2452, 500, 200)
(2453, 500, 200)
(2454, 500, 200)
(2455, 500, 200)
(2456, 500, 200)
(2457, 500, 200)
(2458, 500, 200)
(2459, 500, 200)
(2460, 500, 200)
(2461, 500, 200)
(2462, 500, 200)
(2463, 500, 200)
(2464, 500, 200)
(2465, 500, 200)
(2466, 500, 200)
(2467, 500, 200)
(2468, 500, 200)
(2469, 500, 200)
(2470, 500, 200)
(2471, 500, 200)
(2472, 500, 200)
(2473, 500, 200)
(2474, 500, 200)
(2475, 500, 200)
(2476, 500, 200)
(2477, 500, 200)
(2478, 500, 200)
(2479, 500, 200)
(2480, 500, 200)
(2481, 500, 200)
(2482, 500, 200)
(2483, 500, 200)
(2484, 500, 200)
(2485, 500, 200)
(2486, 500, 200)
(2487, 500, 200)
(2488, 500, 200)
(2489, 500, 200)
(2490, 500, 200)
(2491, 500, 200)
(2492, 500, 200)
(2493, 500, 200)
(2494, 500, 200)
(2495, 500, 200)
(2496, 500, 200)
(2497, 500, 200)
(2498, 500, 200)
(2499, 500, 200)
(2500, 500, 200)
(2501, 500, 200)
(2502, 500, 200)
(2503, 500, 200)
(2504, 500, 200)
(2505, 500, 200)
(2506, 500, 200)
(2507, 500, 200)
(2508, 500, 200)
(2509, 500, 200)
(2510, 500, 200)
(2511, 500, 200)
(2512, 500, 200)
(2513, 500, 200)
(2514, 500, 200)
(2515, 500, 200)
(2516, 500, 200)
(2517, 500, 200)
(2518, 500, 200)
(2519, 500, 200)
(2520, 500, 200)
(2521, 500, 200)
(2522, 500, 200)
(2523, 500, 200)
(2524, 500, 200)
(2525, 500, 200)
(2526, 500, 200)
(2527, 500, 200)
(2528, 500, 200)
(2529, 500, 200)
(2530, 500, 200)
(2531, 500, 200)
(2532, 500, 200)
(2533, 500, 200)
(2534, 500, 200)
(2535, 500, 200)
(2536, 500, 200)
(2537, 500, 200)
(2538, 500, 200)
(2539, 500, 200)
(2540, 500, 200)
(2541, 500, 200)
(2542, 500, 200)
(2543, 500, 200)
(2544, 500, 200)
(2545, 500, 200)
(2546, 500, 200)
(2547, 500, 200)
(2548, 500, 200)
(2549, 500, 200)
(2550, 500, 200)
(2551, 500, 200)
(2552, 500, 200)
(2553, 500, 200)
(2554, 500, 200)
(2555, 500, 200)
(2556, 500, 200)
(2557, 500, 200)
(2558, 500, 200)
(2559, 500, 200)
(2560, 500, 200)
(2561, 500, 200)
(2562, 500, 200)
(2563, 500, 200)
(2564, 500, 200)
(2565, 500, 200)
(2566, 500, 200)
(2567, 500, 200)
(2568, 500, 200)
(2569, 500, 200)
(2570, 500, 200)
(2571, 500, 200)
(2572, 500, 200)
(2573, 500, 200)
(2574, 500, 200)
(2575, 500, 200)
(2576, 500, 200)
(2577, 500, 200)
(2578, 500, 200)
(2579, 500, 200)
(2580, 500, 200)
(2581, 500, 200)
(2582, 500, 200)
(2583, 500, 200)
(2584, 500, 200)
(2585, 500, 200)
(2586, 500, 200)
(2587, 500, 200)
(2588, 500, 200)
(2589, 500, 200)
(2590, 500, 200)
(2591, 500, 200)
(2592, 500, 200)
(2593, 500, 200)
(2594, 500, 200)
(2595, 500, 200)
(2596, 500, 200)
(2597, 500, 200)
(2598, 500, 200)
(2599, 500, 200)
(2600, 500, 200)
(2601, 500, 200)
(2602, 500, 200)
(2603, 500, 200)
(2604, 500, 200)
(2605, 500, 200)
(2606, 500, 200)
(2607, 500, 200)
(2608, 500, 200)
(2609, 500, 200)
(2610, 500, 200)
(2611, 500, 200)
(2612, 500, 200)
(2613, 500, 200)
(2614, 500, 200)
(2615, 500, 200)
(2616, 500, 200)
(2617, 500, 200)
(2618, 500, 200)
(2619, 500, 200)
(2620, 500, 200)
(2621, 500, 200)
(2622, 500, 200)
(2623, 500, 200)
(2624, 500, 200)
(2625, 500, 200)
(2626, 500, 200)
(2627, 500, 200)
(2628, 500, 200)
(2629, 500, 200)
(2630, 500, 200)
(2631, 500, 200)
(2632, 500, 200)
(2633, 500, 200)
(2634, 500, 200)
(2635, 500, 200)
(2636, 500, 200)
(2637, 500, 200)
(2638, 500, 200)
(2639, 500, 200)
(2640, 500, 200)
(2641, 500, 200)
(2642, 500, 200)
(2643, 500, 200)
(2644, 500, 200)
(2645, 500, 200)
(2646, 500, 200)
(2647, 500, 200)
(2648, 500, 200)
(2649, 500, 200)
(2650, 500, 200)
(2651, 500, 200)
(2652, 500, 200)
(2653, 500, 200)
(2654, 500, 200)
(2655, 500, 200)
(2656, 500, 200)
(2657, 500, 200)
(2658, 500, 200)
(2659, 500, 200)
(2660, 500, 200)
(2661, 500, 200)
(2662, 500, 200)
(2663, 500, 200)
(2664, 500, 200)
(2665, 500, 200)
(2666, 500, 200)
(2667, 500, 200)
(2668, 500, 200)
(2669, 500, 200)
(2670, 500, 200)
(2671, 500, 200)
(2672, 500, 200)
(2673, 500, 200)
(2674, 500, 200)
(2675, 500, 200)
(2676, 500, 200)
(2677, 500, 200)
(2678, 500, 200)
(2679, 500, 200)
(2680, 500, 200)
(2681, 500, 200)
(2682, 500, 200)
(2683, 500, 200)
(2684, 500, 200)
(2685, 500, 200)
(2686, 500, 200)
(2687, 500, 200)
(2688, 500, 200)
(2689, 500, 200)
(2690, 500, 200)
(2691, 500, 200)
(2692, 500, 200)
(2693, 500, 200)
(2694, 500, 200)
(2695, 500, 200)
(2696, 500, 200)
(2697, 500, 200)
(2698, 500, 200)
(2699, 500, 200)
(2700, 500, 200)
(2701, 500, 200)
(2702, 500, 200)
(2703, 500, 200)
(2704, 500, 200)
(2705, 500, 200)
(2706, 500, 200)
(2707, 500, 200)
(2708, 500, 200)
(2709, 500, 200)
(2710, 500, 200)
(2711, 500, 200)
(2712, 500, 200)
(2713, 500, 200)
(2714, 500, 200)
(2715, 500, 200)
(2716, 500, 200)
(2717, 500, 200)
(2718, 500, 200)
(2719, 500, 200)
(2720, 500, 200)
(2721, 500, 200)
(2722, 500, 200)
(2723, 500, 200)
(2724, 500, 200)
(2725, 500, 200)
(2726, 500, 200)
(2727, 500, 200)
(2728, 500, 200)
(2729, 500, 200)
(2730, 500, 200)
(2731, 500, 200)
(2732, 500, 200)
(2733, 500, 200)
(2734, 500, 200)
(2735, 500, 200)
(2736, 500, 200)
(2737, 500, 200)
(2738, 500, 200)
(2739, 500, 200)
(2740, 500, 200)
(2741, 500, 200)
(2742, 500, 200)
(2743, 500, 200)
(2744, 500, 200)
(2745, 500, 200)
(2746, 500, 200)
(2747, 500, 200)
(2748, 500, 200)
(2749, 500, 200)
(2750, 500, 200)
(2751, 500, 200)
(2752, 500, 200)
(2753, 500, 200)
(2754, 500, 200)
(2755, 500, 200)
(2756, 500, 200)
(2757, 500, 200)
(2758, 500, 200)
(2759, 500, 200)
(2760, 500, 200)
(2761, 500, 200)
(2762, 500, 200)
(2763, 500, 200)
(2764, 500, 200)
(2765, 500, 200)
(2766, 500, 200)
(2767, 500, 200)
(2768, 500, 200)
(2769, 500, 200)
(2770, 500, 200)
(2771, 500, 200)
(2772, 500, 200)
(2773, 500, 200)
(2774, 500, 200)
(2775, 500, 200)
(2776, 500, 200)
(2777, 500, 200)
(2778, 500, 200)
(2779, 500, 200)
(2780, 500, 200)
(2781, 500, 200)
(2782, 500, 200)
(2783, 500, 200)
(2784, 500, 200)
(2785, 500, 200)
(2786, 500, 200)
(2787, 500, 200)
(2788, 500, 200)
(2789, 500, 200)
(2790, 500, 200)
(2791, 500, 200)
(2792, 500, 200)
(2793, 500, 200)
(2794, 500, 200)
(2795, 500, 200)
(2796, 500, 200)
(2797, 500, 200)
(2798, 500, 200)
(2799, 500, 200)
(2800, 500, 200)
(2801, 500, 200)
(2802, 500, 200)
(2803, 500, 200)
(2804, 500, 200)
(2805, 500, 200)
(2806, 500, 200)
(2807, 500, 200)
(2808, 500, 200)
(2809, 500, 200)
(2810, 500, 200)
(2811, 500, 200)
(2812, 500, 200)
(2813, 500, 200)
(2814, 500, 200)
(2815, 500, 200)
(2816, 500, 200)
(2817, 500, 200)
(2818, 500, 200)
(2819, 500, 200)
(2820, 500, 200)
(2821, 500, 200)
(2822, 500, 200)
(2823, 500, 200)
(2824, 500, 200)
(2825, 500, 200)
(2826, 500, 200)
(2827, 500, 200)
(2828, 500, 200)
(2829, 500, 200)
(2830, 500, 200)
(2831, 500, 200)
(2832, 500, 200)
(2833, 500, 200)
(2834, 500, 200)
(2835, 500, 200)
(2836, 500, 200)
(2837, 500, 200)
(2838, 500, 200)
(2839, 500, 200)
(2840, 500, 200)
(2841, 500, 200)
(2842, 500, 200)
(2843, 500, 200)
(2844, 500, 200)
(2845, 500, 200)
(2846, 500, 200)
(2847, 500, 200)
(2848, 500, 200)
(2849, 500, 200)
(2850, 500, 200)
(2851, 500, 200)
(2852, 500, 200)
(2853, 500, 200)
(2854, 500, 200)
(2855, 500, 200)
(2856, 500, 200)
(2857, 500, 200)
(2858, 500, 200)
(2859, 500, 200)
(2860, 500, 200)
(2861, 500, 200)
(2862, 500, 200)
(2863, 500, 200)
(2864, 500, 200)
(2865, 500, 200)
(2866, 500, 200)
(2867, 500, 200)
(2868, 500, 200)
(2869, 500, 200)
(2870, 500, 200)
(2871, 500, 200)
(2872, 500, 200)
(2873, 500, 200)
(2874, 500, 200)
(2875, 500, 200)
(2876, 500, 200)
(2877, 500, 200)
(2878, 500, 200)
(2879, 500, 200)
(2880, 500, 200)
(2881, 500, 200)
(2882, 500, 200)
(2883, 500, 200)
(2884, 500, 200)
(2885, 500, 200)
(2886, 500, 200)
(2887, 500, 200)
(2888, 500, 200)
(2889, 500, 200)
(2890, 500, 200)
(2891, 500, 200)
(2892, 500, 200)
(2893, 500, 200)
(2894, 500, 200)
(2895, 500, 200)
(2896, 500, 200)
(2897, 500, 200)
(2898, 500, 200)
(2899, 500, 200)
(2900, 500, 200)
(2901, 500, 200)
(2902, 500, 200)
(2903, 500, 200)
(2904, 500, 200)
(2905, 500, 200)
(2906, 500, 200)
(2907, 500, 200)
(2908, 500, 200)
(2909, 500, 200)
(2910, 500, 200)
(2911, 500, 200)
(2912, 500, 200)
(2913, 500, 200)
(2914, 500, 200)
(2915, 500, 200)
(2916, 500, 200)
(2917, 500, 200)
(2918, 500, 200)
(2919, 500, 200)
(2920, 500, 200)
(2921, 500, 200)
(2922, 500, 200)
(2923, 500, 200)
(2924, 500, 200)
(2925, 500, 200)
(2926, 500, 200)
(2927, 500, 200)
(2928, 500, 200)
(2929, 500, 200)
(2930, 500, 200)
(2931, 500, 200)
(2932, 500, 200)
(2933, 500, 200)
(2934, 500, 200)
(2935, 500, 200)
(2936, 500, 200)
(2937, 500, 200)
(2938, 500, 200)
(2939, 500, 200)
(2940, 500, 200)
(2941, 500, 200)
(2942, 500, 200)
(2943, 500, 200)
(2944, 500, 200)
(2945, 500, 200)
(2946, 500, 200)
(2947, 500, 200)
(2948, 500, 200)
(2949, 500, 200)
(2950, 500, 200)
(2951, 500, 200)
(2952, 500, 200)
(2953, 500, 200)
(2954, 500, 200)
(2955, 500, 200)
(2956, 500, 200)
(2957, 500, 200)
(2958, 500, 200)
(2959, 500, 200)
(2960, 500, 200)
(2961, 500, 200)
(2962, 500, 200)
(2963, 500, 200)
(2964, 500, 200)
(2965, 500, 200)
(2966, 500, 200)
(2967, 500, 200)
(2968, 500, 200)
(2969, 500, 200)
(2970, 500, 200)
(2971, 500, 200)
(2972, 500, 200)
(2973, 500, 200)
(2974, 500, 200)
(2975, 500, 200)
(2976, 500, 200)
(2977, 500, 200)
(2978, 500, 200)
(2979, 500, 200)
(2980, 500, 200)
(2981, 500, 200)
(2982, 500, 200)
(2983, 500, 200)
(2984, 500, 200)
(2985, 500, 200)
(2986, 500, 200)
(2987, 500, 200)
(2988, 500, 200)
(2989, 500, 200)
(2990, 500, 200)
(2991, 500, 200)
(2992, 500, 200)
(2993, 500, 200)
(2994, 500, 200)
(2995, 500, 200)
(2996, 500, 200)
(2997, 500, 200)
(2998, 500, 200)
(2999, 500, 200)
(3000, 500, 200)
(3001, 500, 200)
(3002, 500, 200)
(3003, 500, 200)
(3004, 500, 200)
(3005, 500, 200)
(3006, 500, 200)
(3007, 500, 200)
(3008, 500, 200)
(3009, 500, 200)
(3010, 500, 200)
(3011, 500, 200)
(3012, 500, 200)
(3013, 500, 200)
(3014, 500, 200)
(3015, 500, 200)
(3016, 500, 200)
(3017, 500, 200)
(3018, 500, 200)
(3019, 500, 200)
(3020, 500, 200)
(3021, 500, 200)
(3022, 500, 200)
(3023, 500, 200)
(3024, 500, 200)
(3025, 500, 200)
(3026, 500, 200)
(3027, 500, 200)
(3028, 500, 200)
(3029, 500, 200)
(3030, 500, 200)
(3031, 500, 200)
(3032, 500, 200)
(3033, 500, 200)
(3034, 500, 200)
(3035, 500, 200)
(3036, 500, 200)
(3037, 500, 200)
(3038, 500, 200)
(3039, 500, 200)
(3040, 500, 200)
(3041, 500, 200)
(3042, 500, 200)
(3043, 500, 200)
(3044, 500, 200)
(3045, 500, 200)
(3046, 500, 200)
(3047, 500, 200)
(3048, 500, 200)
(3049, 500, 200)
(3050, 500, 200)
(3051, 500, 200)
(3052, 500, 200)
(3053, 500, 200)
(3054, 500, 200)
(3055, 500, 200)
(3056, 500, 200)
(3057, 500, 200)
(3058, 500, 200)
(3059, 500, 200)
(3060, 500, 200)
(3061, 500, 200)
(3062, 500, 200)
(3063, 500, 200)
(3064, 500, 200)
(3065, 500, 200)
(3066, 500, 200)
(3067, 500, 200)
(3068, 500, 200)
(3069, 500, 200)
(3070, 500, 200)
(3071, 500, 200)
(3072, 500, 200)
(3073, 500, 200)
(3074, 500, 200)
(3075, 500, 200)
(3076, 500, 200)
(3077, 500, 200)
(3078, 500, 200)
(3079, 500, 200)
(3080, 500, 200)
(3081, 500, 200)
(3082, 500, 200)
(3083, 500, 200)
(3084, 500, 200)
(3085, 500, 200)
(3086, 500, 200)
(3087, 500, 200)
(3088, 500, 200)
(3089, 500, 200)
(3090, 500, 200)
(3091, 500, 200)
(3092, 500, 200)
(3093, 500, 200)
(3094, 500, 200)
(3095, 500, 200)
(3096, 500, 200)
(3097, 500, 200)
(3098, 500, 200)
(3099, 500, 200)
(3100, 500, 200)
(3101, 500, 200)
(3102, 500, 200)
(3103, 500, 200)
(3104, 500, 200)
(3105, 500, 200)
(3106, 500, 200)
(3107, 500, 200)
(3108, 500, 200)
(3109, 500, 200)
(3110, 500, 200)
(3111, 500, 200)
(3112, 500, 200)
(3113, 500, 200)
(3114, 500, 200)
(3115, 500, 200)
(3116, 500, 200)
(3117, 500, 200)
(3118, 500, 200)
(3119, 500, 200)
(3120, 500, 200)
(3121, 500, 200)
(3122, 500, 200)
(3123, 500, 200)
(3124, 500, 200)
(3125, 500, 200)
(3126, 500, 200)
(3127, 500, 200)
(3128, 500, 200)
(3129, 500, 200)
(3130, 500, 200)
(3131, 500, 200)
(3132, 500, 200)
(3133, 500, 200)
(3134, 500, 200)
(3135, 500, 200)
(3136, 500, 200)
(3137, 500, 200)
(3138, 500, 200)
(3139, 500, 200)
(3140, 500, 200)
(3141, 500, 200)
(3142, 500, 200)
(3143, 500, 200)
(3144, 500, 200)
(3145, 500, 200)
(3146, 500, 200)
(3147, 500, 200)
(3148, 500, 200)
(3149, 500, 200)
(3150, 500, 200)
(3151, 500, 200)
(3152, 500, 200)
(3153, 500, 200)
(3154, 500, 200)
(3155, 500, 200)
(3156, 500, 200)
(3157, 500, 200)
(3158, 500, 200)
(3159, 500, 200)
(3160, 500, 200)
(3161, 500, 200)
(3162, 500, 200)
(3163, 500, 200)
(3164, 500, 200)
(3165, 500, 200)
(3166, 500, 200)
(3167, 500, 200)
(3168, 500, 200)
(3169, 500, 200)
(3170, 500, 200)
(3171, 500, 200)
(3172, 500, 200)
(3173, 500, 200)
(3174, 500, 200)
(3175, 500, 200)
(3176, 500, 200)
(3177, 500, 200)
(3178, 500, 200)
(3179, 500, 200)
(3180, 500, 200)
(3181, 500, 200)
(3182, 500, 200)
(3183, 500, 200)
(3184, 500, 200)
(3185, 500, 200)
(3186, 500, 200)
(3187, 500, 200)
(3188, 500, 200)
(3189, 500, 200)
(3190, 500, 200)
(3191, 500, 200)
(3192, 500, 200)
(3193, 500, 200)
(3194, 500, 200)
(3195, 500, 200)
(3196, 500, 200)
(3197, 500, 200)
(3198, 500, 200)
(3199, 500, 200)
(3200, 500, 200)
(3201, 500, 200)
(3202, 500, 200)
(3203, 500, 200)
(3204, 500, 200)
(3205, 500, 200)
(3206, 500, 200)
(3207, 500, 200)
(3208, 500, 200)
(3209, 500, 200)
(3210, 500, 200)
(3211, 500, 200)
(3212, 500, 200)
(3213, 500, 200)
(3214, 500, 200)
(3215, 500, 200)
(3216, 500, 200)
(3217, 500, 200)
(3218, 500, 200)
(3219, 500, 200)
(3220, 500, 200)
(3221, 500, 200)
(3222, 500, 200)
(3223, 500, 200)
(3224, 500, 200)
(3225, 500, 200)
(3226, 500, 200)
(3227, 500, 200)
(3228, 500, 200)
(3229, 500, 200)
(3230, 500, 200)
(3231, 500, 200)
(3232, 500, 200)
(3233, 500, 200)
(3234, 500, 200)
(3235, 500, 200)
(3236, 500, 200)
(3237, 500, 200)
(3238, 500, 200)
(3239, 500, 200)
(3240, 500, 200)
(3241, 500, 200)
(3242, 500, 200)
(3243, 500, 200)
(3244, 500, 200)
(3245, 500, 200)
(3246, 500, 200)
(3247, 500, 200)
(3248, 500, 200)
(3249, 500, 200)
(3250, 500, 200)
(3251, 500, 200)
(3252, 500, 200)
(3253, 500, 200)
(3254, 500, 200)
(3255, 500, 200)
(3256, 500, 200)
(3257, 500, 200)
(3258, 500, 200)
(3259, 500, 200)
(3260, 500, 200)
(3261, 500, 200)
(3262, 500, 200)
(3263, 500, 200)
(3264, 500, 200)
(3265, 500, 200)
(3266, 500, 200)
(3267, 500, 200)
(3268, 500, 200)
(3269, 500, 200)
(3270, 500, 200)
(3271, 500, 200)
(3272, 500, 200)
(3273, 500, 200)
(3274, 500, 200)
(3275, 500, 200)
(3276, 500, 200)
(3277, 500, 200)
(3278, 500, 200)
(3279, 500, 200)
(3280, 500, 200)
(3281, 500, 200)
(3282, 500, 200)
(3283, 500, 200)
(3284, 500, 200)
(3285, 500, 200)
(3286, 500, 200)
(3287, 500, 200)
(3288, 500, 200)
(3289, 500, 200)
(3290, 500, 200)
(3291, 500, 200)
(3292, 500, 200)
(3293, 500, 200)
(3294, 500, 200)
(3295, 500, 200)
(3296, 500, 200)
(3297, 500, 200)
(3298, 500, 200)
(3299, 500, 200)
(3300, 500, 200)
(3301, 500, 200)
(3302, 500, 200)
(3303, 500, 200)
(3304, 500, 200)
(3305, 500, 200)
(3306, 500, 200)
(3307, 500, 200)
(3308, 500, 200)
(3309, 500, 200)
(3310, 500, 200)
(3311, 500, 200)
(3312, 500, 200)
(3313, 500, 200)
(3314, 500, 200)
(3315, 500, 200)
(3316, 500, 200)
(3317, 500, 200)
(3318, 500, 200)
(3319, 500, 200)
(3320, 500, 200)
(3321, 500, 200)
(3322, 500, 200)
(3323, 500, 200)
(3324, 500, 200)
(3325, 500, 200)
(3326, 500, 200)
(3327, 500, 200)
(3328, 500, 200)
(3329, 500, 200)
(3330, 500, 200)
(3331, 500, 200)
(3332, 500, 200)
(3333, 500, 200)
(3334, 500, 200)
(3335, 500, 200)
(3336, 500, 200)
(3337, 500, 200)
(3338, 500, 200)
(3339, 500, 200)
(3340, 500, 200)
(3341, 500, 200)
(3342, 500, 200)
(3343, 500, 200)
(3344, 500, 200)
(3345, 500, 200)
(3346, 500, 200)
(3347, 500, 200)
(3348, 500, 200)
(3349, 500, 200)
(3350, 500, 200)
(3351, 500, 200)
(3352, 500, 200)
(3353, 500, 200)
(3354, 500, 200)
(3355, 500, 200)
(3356, 500, 200)
(3357, 500, 200)
(3358, 500, 200)
(3359, 500, 200)
(3360, 500, 200)
(3361, 500, 200)
(3362, 500, 200)
(3363, 500, 200)
(3364, 500, 200)
(3365, 500, 200)
(3366, 500, 200)
(3367, 500, 200)
(3368, 500, 200)
(3369, 500, 200)
(3370, 500, 200)
(3371, 500, 200)
(3372, 500, 200)
(3373, 500, 200)
(3374, 500, 200)
(3375, 500, 200)
(3376, 500, 200)
(3377, 500, 200)
(3378, 500, 200)
(3379, 500, 200)
(3380, 500, 200)
(3381, 500, 200)
(3382, 500, 200)
(3383, 500, 200)
(3384, 500, 200)
(3385, 500, 200)
(3386, 500, 200)
(3387, 500, 200)
(3388, 500, 200)
(3389, 500, 200)
(3390, 500, 200)
(3391, 500, 200)
(3392, 500, 200)
(3393, 500, 200)
(3394, 500, 200)
(3395, 500, 200)
(3396, 500, 200)
(3397, 500, 200)
(3398, 500, 200)
(3399, 500, 200)
(3400, 500, 200)
(3401, 500, 200)
(3402, 500, 200)
(3403, 500, 200)
(3404, 500, 200)
(3405, 500, 200)
(3406, 500, 200)
(3407, 500, 200)
(3408, 500, 200)
(3409, 500, 200)
(3410, 500, 200)
(3411, 500, 200)
(3412, 500, 200)
(3413, 500, 200)
(3414, 500, 200)
(3415, 500, 200)
(3416, 500, 200)
(3417, 500, 200)
(3418, 500, 200)
(3419, 500, 200)
(3420, 500, 200)
(3421, 500, 200)
(3422, 500, 200)
(3423, 500, 200)
(3424, 500, 200)
(3425, 500, 200)
(3426, 500, 200)
(3427, 500, 200)
(3428, 500, 200)
(3429, 500, 200)
(3430, 500, 200)
(3431, 500, 200)
(3432, 500, 200)
(3433, 500, 200)
(3434, 500, 200)
(3435, 500, 200)
(3436, 500, 200)
(3437, 500, 200)
(3438, 500, 200)
(3439, 500, 200)
(3440, 500, 200)
(3441, 500, 200)
(3442, 500, 200)
(3443, 500, 200)
(3444, 500, 200)
(3445, 500, 200)
(3446, 500, 200)
(3447, 500, 200)
(3448, 500, 200)
(3449, 500, 200)
(3450, 500, 200)
(3451, 500, 200)
(3452, 500, 200)
(3453, 500, 200)
(3454, 500, 200)
(3455, 500, 200)
(3456, 500, 200)
(3457, 500, 200)
(3458, 500, 200)
(3459, 500, 200)
(3460, 500, 200)
(3461, 500, 200)
(3462, 500, 200)
(3463, 500, 200)
(3464, 500, 200)
(3465, 500, 200)
(3466, 500, 200)
(3467, 500, 200)
(3468, 500, 200)
(3469, 500, 200)
(3470, 500, 200)
(3471, 500, 200)
(3472, 500, 200)
(3473, 500, 200)
(3474, 500, 200)
(3475, 500, 200)
(3476, 500, 200)
(3477, 500, 200)
(3478, 500, 200)
(3479, 500, 200)
(3480, 500, 200)
(3481, 500, 200)
(3482, 500, 200)
(3483, 500, 200)
(3484, 500, 200)
(3485, 500, 200)
(3486, 500, 200)
(3487, 500, 200)
(3488, 500, 200)
(3489, 500, 200)
(3490, 500, 200)
(3491, 500, 200)
(3492, 500, 200)
(3493, 500, 200)
(3494, 500, 200)
(3495, 500, 200)
(3496, 500, 200)
(3497, 500, 200)
(3498, 500, 200)
(3499, 500, 200)
(3500, 500, 200)
(3501, 500, 200)
(3502, 500, 200)
(3503, 500, 200)
(3504, 500, 200)
(3505, 500, 200)
(3506, 500, 200)
(3507, 500, 200)
(3508, 500, 200)
(3509, 500, 200)
(3510, 500, 200)
(3511, 500, 200)
(3512, 500, 200)
(3513, 500, 200)
(3514, 500, 200)
(3515, 500, 200)
(3516, 500, 200)
(3517, 500, 200)
(3518, 500, 200)
(3519, 500, 200)
(3520, 500, 200)
(3521, 500, 200)
(3522, 500, 200)
(3523, 500, 200)
(3524, 500, 200)
(3525, 500, 200)
(3526, 500, 200)
(3527, 500, 200)
(3528, 500, 200)
(3529, 500, 200)
(3530, 500, 200)
(3531, 500, 200)
(3532, 500, 200)
(3533, 500, 200)
(3534, 500, 200)
(3535, 500, 200)
(3536, 500, 200)
(3537, 500, 200)
(3538, 500, 200)
(3539, 500, 200)
(3540, 500, 200)
(3541, 500, 200)
(3542, 500, 200)
(3543, 500, 200)
(3544, 500, 200)
(3545, 500, 200)
(3546, 500, 200)
(3547, 500, 200)
(3548, 500, 200)
(3549, 500, 200)
(3550, 500, 200)
(3551, 500, 200)
(3552, 500, 200)
(3553, 500, 200)
(3554, 500, 200)
(3555, 500, 200)
(3556, 500, 200)
(3557, 500, 200)
(3558, 500, 200)
(3559, 500, 200)
(3560, 500, 200)
(3561, 500, 200)
(3562, 500, 200)
(3563, 500, 200)
(3564, 500, 200)
(3565, 500, 200)
(3566, 500, 200)
(3567, 500, 200)
(3568, 500, 200)
(3569, 500, 200)
(3570, 500, 200)
(3571, 500, 200)
(3572, 500, 200)
(3573, 500, 200)
(3574, 500, 200)
(3575, 500, 200)
(3576, 500, 200)
(3577, 500, 200)
(3578, 500, 200)
(3579, 500, 200)
(3580, 500, 200)
(3581, 500, 200)
(3582, 500, 200)
(3583, 500, 200)
(3584, 500, 200)
(3585, 500, 200)
(3586, 500, 200)
(3587, 500, 200)
(3588, 500, 200)
(3589, 500, 200)
(3590, 500, 200)
(3591, 500, 200)
(3592, 500, 200)
(3593, 500, 200)
(3594, 500, 200)
(3595, 500, 200)
(3596, 500, 200)
(3597, 500, 200)
(3598, 500, 200)
(3599, 500, 200)
(3600, 500, 200)
(3601, 500, 200)
(3602, 500, 200)
(3603, 500, 200)
(3604, 500, 200)
(3605, 500, 200)
(3606, 500, 200)
(3607, 500, 200)
(3608, 500, 200)
(3609, 500, 200)
(3610, 500, 200)
(3611, 500, 200)
(3612, 500, 200)
(3613, 500, 200)
(3614, 500, 200)
(3615, 500, 200)
(3616, 500, 200)
(3617, 500, 200)
(3618, 500, 200)
(3619, 500, 200)
(3620, 500, 200)
(3621, 500, 200)
(3622, 500, 200)
(3623, 500, 200)
(3624, 500, 200)
(3625, 500, 200)
(3626, 500, 200)
(3627, 500, 200)
(3628, 500, 200)
(3629, 500, 200)
(3630, 500, 200)
(3631, 500, 200)
(3632, 500, 200)
(3633, 500, 200)
(3634, 500, 200)
(3635, 500, 200)
(3636, 500, 200)
(3637, 500, 200)
(3638, 500, 200)
(3639, 500, 200)
(3640, 500, 200)
(3641, 500, 200)
(3642, 500, 200)
(3643, 500, 200)
(3644, 500, 200)
(3645, 500, 200)
(3646, 500, 200)
(3647, 500, 200)
(3648, 500, 200)
(3649, 500, 200)
(3650, 500, 200)
(3651, 500, 200)
(3652, 500, 200)
(3653, 500, 200)
(3654, 500, 200)
(3655, 500, 200)
(3656, 500, 200)
(3657, 500, 200)
(3658, 500, 200)
(3659, 500, 200)
(3660, 500, 200)
(3661, 500, 200)
(3662, 500, 200)
(3663, 500, 200)
(3664, 500, 200)
(3665, 500, 200)
(3666, 500, 200)
(3667, 500, 200)
(3668, 500, 200)
(3669, 500, 200)
(3670, 500, 200)
(3671, 500, 200)
(3672, 500, 200)
(3673, 500, 200)
(3674, 500, 200)
(3675, 500, 200)
(3676, 500, 200)
(3677, 500, 200)
(3678, 500, 200)
(3679, 500, 200)
(3680, 500, 200)
(3681, 500, 200)
(3682, 500, 200)
(3683, 500, 200)
(3684, 500, 200)
(3685, 500, 200)
(3686, 500, 200)
(3687, 500, 200)
(3688, 500, 200)
(3689, 500, 200)
(3690, 500, 200)
(3691, 500, 200)
(3692, 500, 200)
(3693, 500, 200)
(3694, 500, 200)
(3695, 500, 200)
(3696, 500, 200)
(3697, 500, 200)
(3698, 500, 200)
(3699, 500, 200)
(3700, 500, 200)
(3701, 500, 200)
(3702, 500, 200)
(3703, 500, 200)
(3704, 500, 200)
(3705, 500, 200)
(3706, 500, 200)
(3707, 500, 200)
(3708, 500, 200)
(3709, 500, 200)
(3710, 500, 200)
(3711, 500, 200)
(3712, 500, 200)
(3713, 500, 200)
(3714, 500, 200)
(3715, 500, 200)
(3716, 500, 200)
(3717, 500, 200)
(3718, 500, 200)
(3719, 500, 200)
(3720, 500, 200)
(3721, 500, 200)
(3722, 500, 200)
(3723, 500, 200)
(3724, 500, 200)
(3725, 500, 200)
(3726, 500, 200)
(3727, 500, 200)
(3728, 500, 200)
(3729, 500, 200)
(3730, 500, 200)
(3731, 500, 200)
(3732, 500, 200)
(3733, 500, 200)
(3734, 500, 200)
(3735, 500, 200)
(3736, 500, 200)
(3737, 500, 200)
(3738, 500, 200)
(3739, 500, 200)
(3740, 500, 200)
(3741, 500, 200)
(3742, 500, 200)
(3743, 500, 200)
(3744, 500, 200)
(3745, 500, 200)
(3746, 500, 200)
(3747, 500, 200)
(3748, 500, 200)
(3749, 500, 200)
(3750, 500, 200)
(3751, 500, 200)
(3752, 500, 200)
(3753, 500, 200)
(3754, 500, 200)
(3755, 500, 200)
(3756, 500, 200)
(3757, 500, 200)
(3758, 500, 200)
(3759, 500, 200)
(3760, 500, 200)
(3761, 500, 200)
(3762, 500, 200)
(3763, 500, 200)
(3764, 500, 200)
(3765, 500, 200)
(3766, 500, 200)
(3767, 500, 200)
(3768, 500, 200)
(3769, 500, 200)
(3770, 500, 200)
(3771, 500, 200)
(3772, 500, 200)
(3773, 500, 200)
(3774, 500, 200)
(3775, 500, 200)
(3776, 500, 200)
(3777, 500, 200)
(3778, 500, 200)
(3779, 500, 200)
(3780, 500, 200)
(3781, 500, 200)
(3782, 500, 200)
(3783, 500, 200)
(3784, 500, 200)
(3785, 500, 200)
(3786, 500, 200)
(3787, 500, 200)
(3788, 500, 200)
(3789, 500, 200)
(3790, 500, 200)
(3791, 500, 200)
(3792, 500, 200)
(3793, 500, 200)
(3794, 500, 200)
(3795, 500, 200)
(3796, 500, 200)
(3797, 500, 200)
(3798, 500, 200)
(3799, 500, 200)
(3800, 500, 200)
(3801, 500, 200)
(3802, 500, 200)
(3803, 500, 200)
(3804, 500, 200)
(3805, 500, 200)
(3806, 500, 200)
(3807, 500, 200)
(3808, 500, 200)
(3809, 500, 200)
(3810, 500, 200)
(3811, 500, 200)
(3812, 500, 200)
(3813, 500, 200)
(3814, 500, 200)
(3815, 500, 200)
(3816, 500, 200)
(3817, 500, 200)
(3818, 500, 200)
(3819, 500, 200)
(3820, 500, 200)
(3821, 500, 200)
(3822, 500, 200)
(3823, 500, 200)
(3824, 500, 200)
(3825, 500, 200)
(3826, 500, 200)
(3827, 500, 200)
(3828, 500, 200)
(3829, 500, 200)
(3830, 500, 200)
(3831, 500, 200)
(3832, 500, 200)
(3833, 500, 200)
(3834, 500, 200)
(3835, 500, 200)
(3836, 500, 200)
(3837, 500, 200)
(3838, 500, 200)
(3839, 500, 200)
(3840, 500, 200)
(3841, 500, 200)
(3842, 500, 200)
(3843, 500, 200)
(3844, 500, 200)
(3845, 500, 200)
(3846, 500, 200)
(3847, 500, 200)
(3848, 500, 200)
(3849, 500, 200)
(3850, 500, 200)
(3851, 500, 200)
(3852, 500, 200)
(3853, 500, 200)
(3854, 500, 200)
(3855, 500, 200)
(3856, 500, 200)
(3857, 500, 200)
(3858, 500, 200)
(3859, 500, 200)
(3860, 500, 200)
(3861, 500, 200)
(3862, 500, 200)
(3863, 500, 200)
(3864, 500, 200)
(3865, 500, 200)
(3866, 500, 200)
(3867, 500, 200)
(3868, 500, 200)
(3869, 500, 200)
(3870, 500, 200)
(3871, 500, 200)
(3872, 500, 200)
(3873, 500, 200)
(3874, 500, 200)
(3875, 500, 200)
(3876, 500, 200)
(3877, 500, 200)
(3878, 500, 200)
(3879, 500, 200)
(3880, 500, 200)
(3881, 500, 200)
(3882, 500, 200)
(3883, 500, 200)
(3884, 500, 200)
(3885, 500, 200)
(3886, 500, 200)
(3887, 500, 200)
(3888, 500, 200)
(3889, 500, 200)
(3890, 500, 200)
(3891, 500, 200)
(3892, 500, 200)
(3893, 500, 200)
(3894, 500, 200)
(3895, 500, 200)
(3896, 500, 200)
(3897, 500, 200)
(3898, 500, 200)
(3899, 500, 200)
(3900, 500, 200)
(3901, 500, 200)
(3902, 500, 200)
(3903, 500, 200)
(3904, 500, 200)
(3905, 500, 200)
(3906, 500, 200)
(3907, 500, 200)
(3908, 500, 200)
(3909, 500, 200)
(3910, 500, 200)
(3911, 500, 200)
(3912, 500, 200)
(3913, 500, 200)
(3914, 500, 200)
(3915, 500, 200)
(3916, 500, 200)
(3917, 500, 200)
(3918, 500, 200)
(3919, 500, 200)
(3920, 500, 200)
(3921, 500, 200)
(3922, 500, 200)
(3923, 500, 200)
(3924, 500, 200)
(3925, 500, 200)
(3926, 500, 200)
(3927, 500, 200)
(3928, 500, 200)
(3929, 500, 200)
(3930, 500, 200)
(3931, 500, 200)
(3932, 500, 200)
(3933, 500, 200)
(3934, 500, 200)
(3935, 500, 200)
(3936, 500, 200)
(3937, 500, 200)
(3938, 500, 200)
(3939, 500, 200)
(3940, 500, 200)
(3941, 500, 200)
(3942, 500, 200)
(3943, 500, 200)
(3944, 500, 200)
(3945, 500, 200)
(3946, 500, 200)
(3947, 500, 200)
(3948, 500, 200)
(3949, 500, 200)
(3950, 500, 200)
(3951, 500, 200)
(3952, 500, 200)
(3953, 500, 200)
(3954, 500, 200)
(3955, 500, 200)
(3956, 500, 200)
(3957, 500, 200)
(3958, 500, 200)
(3959, 500, 200)
(3960, 500, 200)
(3961, 500, 200)
(3962, 500, 200)
(3963, 500, 200)
(3964, 500, 200)
(3965, 500, 200)
(3966, 500, 200)
(3967, 500, 200)
(3968, 500, 200)
(3969, 500, 200)
(3970, 500, 200)
(3971, 500, 200)
(3972, 500, 200)
(3973, 500, 200)
(3974, 500, 200)
(3975, 500, 200)
(3976, 500, 200)
(3977, 500, 200)
(3978, 500, 200)
(3979, 500, 200)
(3980, 500, 200)
(3981, 500, 200)
(3982, 500, 200)
(3983, 500, 200)
(3984, 500, 200)
(3985, 500, 200)
(3986, 500, 200)
(3987, 500, 200)
(3988, 500, 200)
(3989, 500, 200)
(3990, 500, 200)
(3991, 500, 200)
(3992, 500, 200)
(3993, 500, 200)
(3994, 500, 200)
(3995, 500, 200)
(3996, 500, 200)
(3997, 500, 200)
(3998, 500, 200)
(3999, 500, 200)
(4000, 500, 200)
(4001, 500, 200)
(4002, 500, 200)
(4003, 500, 200)
(4004, 500, 200)
(4005, 500, 200)
(4006, 500, 200)
(4007, 500, 200)
(4008, 500, 200)
(4009, 500, 200)
(4010, 500, 200)
(4011, 500, 200)
(4012, 500, 200)
(4013, 500, 200)
(4014, 500, 200)
(4015, 500, 200)
(4016, 500, 200)
(4017, 500, 200)
(4018, 500, 200)
(4019, 500, 200)
(4020, 500, 200)
(4021, 500, 200)
(4022, 500, 200)
(4023, 500, 200)
(4024, 500, 200)
(4025, 500, 200)
(4026, 500, 200)
(4027, 500, 200)
(4028, 500, 200)
(4029, 500, 200)
(4030, 500, 200)
(4031, 500, 200)
(4032, 500, 200)
(4033, 500, 200)
(4034, 500, 200)
(4035, 500, 200)
(4036, 500, 200)
(4037, 500, 200)
(4038, 500, 200)
(4039, 500, 200)
(4040, 500, 200)
(4041, 500, 200)
(4042, 500, 200)
(4043, 500, 200)
(4044, 500, 200)
(4045, 500, 200)
(4046, 500, 200)
(4047, 500, 200)
(4048, 500, 200)
(4049, 500, 200)
(4050, 500, 200)
(4051, 500, 200)
(4052, 500, 200)
(4053, 500, 200)
(4054, 500, 200)
(4055, 500, 200)
(4056, 500, 200)
(4057, 500, 200)
(4058, 500, 200)
(4059, 500, 200)
(4060, 500, 200)
(4061, 500, 200)
(4062, 500, 200)
(4063, 500, 200)
(4064, 500, 200)
(4065, 500, 200)
(4066, 500, 200)
(4067, 500, 200)
(4068, 500, 200)
(4069, 500, 200)
(4070, 500, 200)
(4071, 500, 200)
(4072, 500, 200)
(4073, 500, 200)
(4074, 500, 200)
(4074, 500, 200)
(4074, 500, 200)
(4074,)
CNN
WARNING:tensorflow:From /home/ben/anaconda2/envs/book2/lib/python2.7/site-packages/tflearn/initializations.py:119: __init__ (from tensorflow.python.ops.init_ops) is deprecated and will be removed in a future version.
Instructions for updating:
Use tf.initializers.variance_scaling instead with distribution=uniform to get equivalent behavior.
WARNING:tensorflow:From /home/ben/anaconda2/envs/book2/lib/python2.7/site-packages/tflearn/objectives.py:66: calling reduce_sum (from tensorflow.python.ops.math_ops) with keep_dims is deprecated and will be removed in a future version.
Instructions for updating:
keep_dims is deprecated, use keepdims instead
2019-05-08 19:52:47.426607: I tensorflow/core/platform/cpu_feature_guard.cc:141] Your CPU supports instructions that this TensorFlow binary was not compiled to use: AVX2 FMA
---------------------------------
Run id: webshell
Log directory: /tmp/tflearn_logs/
[?25l---------------------------------
Training samples: 2199
Validation samples: 245
--
Training Step: 1  | time: 1.297s
[2K| Adam | epoch: 001 | loss: 0.00000 - acc: 0.0000 -- iter: 0100/2199
[A[ATraining Step: 2  | total loss: [1m[32m0.56157[0m[0m | time: 2.097s
[2K| Adam | epoch: 001 | loss: 0.56157 - acc: 0.5850 -- iter: 0200/2199
[A[ATraining Step: 3  | total loss: [1m[32m0.56293[0m[0m | time: 2.842s
[2K| Adam | epoch: 001 | loss: 0.56293 - acc: 0.7036 -- iter: 0300/2199
[A[ATraining Step: 4  | total loss: [1m[32m0.50383[0m[0m | time: 3.614s
[2K| Adam | epoch: 001 | loss: 0.50383 - acc: 0.8134 -- iter: 0400/2199
[A[ATraining Step: 5  | total loss: [1m[32m0.47472[0m[0m | time: 4.412s
[2K| Adam | epoch: 001 | loss: 0.47472 - acc: 0.7972 -- iter: 0500/2199
[A[ATraining Step: 6  | total loss: [1m[32m0.48789[0m[0m | time: 5.250s
[2K| Adam | epoch: 001 | loss: 0.48789 - acc: 0.8054 -- iter: 0600/2199
[A[ATraining Step: 7  | total loss: [1m[32m0.40954[0m[0m | time: 6.016s
[2K| Adam | epoch: 001 | loss: 0.40954 - acc: 0.8382 -- iter: 0700/2199
[A[ATraining Step: 8  | total loss: [1m[32m0.39807[0m[0m | time: 6.767s
[2K| Adam | epoch: 001 | loss: 0.39807 - acc: 0.8336 -- iter: 0800/2199
[A[ATraining Step: 9  | total loss: [1m[32m0.43443[0m[0m | time: 7.536s
[2K| Adam | epoch: 001 | loss: 0.43443 - acc: 0.7840 -- iter: 0900/2199
[A[ATraining Step: 10  | total loss: [1m[32m0.34072[0m[0m | time: 8.274s
[2K| Adam | epoch: 001 | loss: 0.34072 - acc: 0.8570 -- iter: 1000/2199
[A[ATraining Step: 11  | total loss: [1m[32m0.31265[0m[0m | time: 9.107s
[2K| Adam | epoch: 001 | loss: 0.31265 - acc: 0.8774 -- iter: 1100/2199
[A[ATraining Step: 12  | total loss: [1m[32m0.33922[0m[0m | time: 9.958s
[2K| Adam | epoch: 001 | loss: 0.33922 - acc: 0.8606 -- iter: 1200/2199
[A[ATraining Step: 13  | total loss: [1m[32m0.28493[0m[0m | time: 10.738s
[2K| Adam | epoch: 001 | loss: 0.28493 - acc: 0.8903 -- iter: 1300/2199
[A[ATraining Step: 14  | total loss: [1m[32m0.29897[0m[0m | time: 11.557s
[2K| Adam | epoch: 001 | loss: 0.29897 - acc: 0.8820 -- iter: 1400/2199
[A[ATraining Step: 15  | total loss: [1m[32m0.24295[0m[0m | time: 12.412s
[2K| Adam | epoch: 001 | loss: 0.24295 - acc: 0.9086 -- iter: 1500/2199
[A[ATraining Step: 16  | total loss: [1m[32m0.21385[0m[0m | time: 13.261s
[2K| Adam | epoch: 001 | loss: 0.21385 - acc: 0.9241 -- iter: 1600/2199
[A[ATraining Step: 17  | total loss: [1m[32m0.20828[0m[0m | time: 14.190s
[2K| Adam | epoch: 001 | loss: 0.20828 - acc: 0.9334 -- iter: 1700/2199
[A[ATraining Step: 18  | total loss: [1m[32m0.19262[0m[0m | time: 15.077s
[2K| Adam | epoch: 001 | loss: 0.19262 - acc: 0.9357 -- iter: 1800/2199
[A[ATraining Step: 19  | total loss: [1m[32m0.18019[0m[0m | time: 15.891s
[2K| Adam | epoch: 001 | loss: 0.18019 - acc: 0.9371 -- iter: 1900/2199
[A[ATraining Step: 20  | total loss: [1m[32m0.16675[0m[0m | time: 16.791s
[2K| Adam | epoch: 001 | loss: 0.16675 - acc: 0.9445 -- iter: 2000/2199
[A[ATraining Step: 21  | total loss: [1m[32m0.18535[0m[0m | time: 17.612s
[2K| Adam | epoch: 001 | loss: 0.18535 - acc: 0.9400 -- iter: 2100/2199
[A[ATraining Step: 22  | total loss: [1m[32m0.17816[0m[0m | time: 19.530s
[2K| Adam | epoch: 001 | loss: 0.17816 - acc: 0.9370 | val_loss: 0.20879 - val_acc: 0.9388 -- iter: 2199/2199
--
Training Step: 23  | total loss: [1m[32m0.16659[0m[0m | time: 0.851s
[2K| Adam | epoch: 002 | loss: 0.16659 - acc: 0.9436 -- iter: 0100/2199
[A[ATraining Step: 24  | total loss: [1m[32m0.14742[0m[0m | time: 1.665s
[2K| Adam | epoch: 002 | loss: 0.14742 - acc: 0.9566 -- iter: 0200/2199
[A[ATraining Step: 25  | total loss: [1m[32m0.13568[0m[0m | time: 2.408s
[2K| Adam | epoch: 002 | loss: 0.13568 - acc: 0.9657 -- iter: 0300/2199
[A[ATraining Step: 26  | total loss: [1m[32m0.15485[0m[0m | time: 3.220s
[2K| Adam | epoch: 002 | loss: 0.15485 - acc: 0.9563 -- iter: 0400/2199
[A[ATraining Step: 27  | total loss: [1m[32m0.17109[0m[0m | time: 3.997s
[2K| Adam | epoch: 002 | loss: 0.17109 - acc: 0.9444 -- iter: 0500/2199
[A[ATraining Step: 28  | total loss: [1m[32m0.17523[0m[0m | time: 4.768s
[2K| Adam | epoch: 002 | loss: 0.17523 - acc: 0.9433 -- iter: 0600/2199
[A[ATraining Step: 29  | total loss: [1m[32m0.15702[0m[0m | time: 5.520s
[2K| Adam | epoch: 002 | loss: 0.15702 - acc: 0.9449 -- iter: 0700/2199
[A[ATraining Step: 30  | total loss: [1m[32m0.14575[0m[0m | time: 6.314s
[2K| Adam | epoch: 002 | loss: 0.14575 - acc: 0.9508 -- iter: 0800/2199
[A[ATraining Step: 31  | total loss: [1m[32m0.13594[0m[0m | time: 7.057s
[2K| Adam | epoch: 002 | loss: 0.13594 - acc: 0.9576 -- iter: 0900/2199
[A[ATraining Step: 32  | total loss: [1m[32m0.13663[0m[0m | time: 7.834s
[2K| Adam | epoch: 002 | loss: 0.13663 - acc: 0.9626 -- iter: 1000/2199
[A[ATraining Step: 33  | total loss: [1m[32m0.15136[0m[0m | time: 8.591s
[2K| Adam | epoch: 002 | loss: 0.15136 - acc: 0.9620 -- iter: 1100/2199
[A[ATraining Step: 34  | total loss: [1m[32m0.14395[0m[0m | time: 9.363s
[2K| Adam | epoch: 002 | loss: 0.14395 - acc: 0.9616 -- iter: 1200/2199
[A[ATraining Step: 35  | total loss: [1m[32m0.15055[0m[0m | time: 10.192s
[2K| Adam | epoch: 002 | loss: 0.15055 - acc: 0.9550 -- iter: 1300/2199
[A[ATraining Step: 36  | total loss: [1m[32m0.17696[0m[0m | time: 11.009s
[2K| Adam | epoch: 002 | loss: 0.17696 - acc: 0.9458 -- iter: 1400/2199
[A[ATraining Step: 37  | total loss: [1m[32m0.15945[0m[0m | time: 11.753s
[2K| Adam | epoch: 002 | loss: 0.15945 - acc: 0.9546 -- iter: 1500/2199
[A[ATraining Step: 38  | total loss: [1m[32m0.15484[0m[0m | time: 12.520s
[2K| Adam | epoch: 002 | loss: 0.15484 - acc: 0.9596 -- iter: 1600/2199
[A[ATraining Step: 39  | total loss: [1m[32m0.14792[0m[0m | time: 13.272s
[2K| Adam | epoch: 002 | loss: 0.14792 - acc: 0.9616 -- iter: 1700/2199
[A[ATraining Step: 40  | total loss: [1m[32m0.14568[0m[0m | time: 14.021s
[2K| Adam | epoch: 002 | loss: 0.14568 - acc: 0.9575 -- iter: 1800/2199
[A[ATraining Step: 41  | total loss: [1m[32m0.13431[0m[0m | time: 14.778s
[2K| Adam | epoch: 002 | loss: 0.13431 - acc: 0.9617 -- iter: 1900/2199
[A[ATraining Step: 42  | total loss: [1m[32m0.13240[0m[0m | time: 15.542s
[2K| Adam | epoch: 002 | loss: 0.13240 - acc: 0.9650 -- iter: 2000/2199
[A[ATraining Step: 43  | total loss: [1m[32m0.11551[0m[0m | time: 16.331s
[2K| Adam | epoch: 002 | loss: 0.11551 - acc: 0.9711 -- iter: 2100/2199
[A[ATraining Step: 44  | total loss: [1m[32m0.13408[0m[0m | time: 18.124s
[2K| Adam | epoch: 002 | loss: 0.13408 - acc: 0.9675 | val_loss: 0.16070 - val_acc: 0.9429 -- iter: 2199/2199
--
Training Step: 45  | total loss: [1m[32m0.14170[0m[0m | time: 0.758s
[2K| Adam | epoch: 003 | loss: 0.14170 - acc: 0.9594 -- iter: 0100/2199
[A[ATraining Step: 46  | total loss: [1m[32m0.13421[0m[0m | time: 1.515s
[2K| Adam | epoch: 003 | loss: 0.13421 - acc: 0.9628 -- iter: 0200/2199
[A[ATraining Step: 47  | total loss: [1m[32m0.13036[0m[0m | time: 2.265s
[2K| Adam | epoch: 003 | loss: 0.13036 - acc: 0.9623 -- iter: 0300/2199
[A[ATraining Step: 48  | total loss: [1m[32m0.12979[0m[0m | time: 3.013s
[2K| Adam | epoch: 003 | loss: 0.12979 - acc: 0.9603 -- iter: 0400/2199
[A[ATraining Step: 49  | total loss: [1m[32m0.13798[0m[0m | time: 3.762s
[2K| Adam | epoch: 003 | loss: 0.13798 - acc: 0.9571 -- iter: 0500/2199
[A[ATraining Step: 50  | total loss: [1m[32m0.13788[0m[0m | time: 4.505s
[2K| Adam | epoch: 003 | loss: 0.13788 - acc: 0.9560 -- iter: 0600/2199
[A[ATraining Step: 51  | total loss: [1m[32m0.13073[0m[0m | time: 5.246s
[2K| Adam | epoch: 003 | loss: 0.13073 - acc: 0.9581 -- iter: 0700/2199
[A[ATraining Step: 52  | total loss: [1m[32m0.12709[0m[0m | time: 6.028s
[2K| Adam | epoch: 003 | loss: 0.12709 - acc: 0.9554 -- iter: 0800/2199
[A[ATraining Step: 53  | total loss: [1m[32m0.12336[0m[0m | time: 6.786s
[2K| Adam | epoch: 003 | loss: 0.12336 - acc: 0.9561 -- iter: 0900/2199
[A[ATraining Step: 54  | total loss: [1m[32m0.12673[0m[0m | time: 7.517s
[2K| Adam | epoch: 003 | loss: 0.12673 - acc: 0.9567 -- iter: 1000/2199
[A[ATraining Step: 55  | total loss: [1m[32m0.12875[0m[0m | time: 8.244s
[2K| Adam | epoch: 003 | loss: 0.12875 - acc: 0.9586 -- iter: 1100/2199
[A[ATraining Step: 56  | total loss: [1m[32m0.12563[0m[0m | time: 9.000s
[2K| Adam | epoch: 003 | loss: 0.12563 - acc: 0.9574 -- iter: 1200/2199
[A[ATraining Step: 57  | total loss: [1m[32m0.13020[0m[0m | time: 9.743s
[2K| Adam | epoch: 003 | loss: 0.13020 - acc: 0.9550 -- iter: 1300/2199
[A[ATraining Step: 58  | total loss: [1m[32m0.13318[0m[0m | time: 10.490s
[2K| Adam | epoch: 003 | loss: 0.13318 - acc: 0.9529 -- iter: 1400/2199
[A[ATraining Step: 59  | total loss: [1m[32m0.12290[0m[0m | time: 11.256s
[2K| Adam | epoch: 003 | loss: 0.12290 - acc: 0.9566 -- iter: 1500/2199
[A[ATraining Step: 60  | total loss: [1m[32m0.12423[0m[0m | time: 11.986s
[2K| Adam | epoch: 003 | loss: 0.12423 - acc: 0.9583 -- iter: 1600/2199
[A[ATraining Step: 61  | total loss: [1m[32m0.12237[0m[0m | time: 12.775s
[2K| Adam | epoch: 003 | loss: 0.12237 - acc: 0.9586 -- iter: 1700/2199
[A[ATraining Step: 62  | total loss: [1m[32m0.11545[0m[0m | time: 13.537s
[2K| Adam | epoch: 003 | loss: 0.11545 - acc: 0.9613 -- iter: 1800/2199
[A[ATraining Step: 63  | total loss: [1m[32m0.12197[0m[0m | time: 14.291s
[2K| Adam | epoch: 003 | loss: 0.12197 - acc: 0.9586 -- iter: 1900/2199
[A[ATraining Step: 64  | total loss: [1m[32m0.12721[0m[0m | time: 15.043s
[2K| Adam | epoch: 003 | loss: 0.12721 - acc: 0.9588 -- iter: 2000/2199
[A[ATraining Step: 65  | total loss: [1m[32m0.12994[0m[0m | time: 15.782s
[2K| Adam | epoch: 003 | loss: 0.12994 - acc: 0.9577 -- iter: 2100/2199
[A[ATraining Step: 66  | total loss: [1m[32m0.12046[0m[0m | time: 17.508s
[2K| Adam | epoch: 003 | loss: 0.12046 - acc: 0.9604 | val_loss: 0.13983 - val_acc: 0.9633 -- iter: 2199/2199
--
Training Step: 67  | total loss: [1m[32m0.11634[0m[0m | time: 0.742s
[2K| Adam | epoch: 004 | loss: 0.11634 - acc: 0.9604 -- iter: 0100/2199
[A[ATraining Step: 68  | total loss: [1m[32m0.12400[0m[0m | time: 1.480s
[2K| Adam | epoch: 004 | loss: 0.12400 - acc: 0.9603 -- iter: 0200/2199
[A[ATraining Step: 69  | total loss: [1m[32m0.12148[0m[0m | time: 2.257s
[2K| Adam | epoch: 004 | loss: 0.12148 - acc: 0.9614 -- iter: 0300/2199
[A[ATraining Step: 70  | total loss: [1m[32m0.12201[0m[0m | time: 3.031s
[2K| Adam | epoch: 004 | loss: 0.12201 - acc: 0.9600 -- iter: 0400/2199
[A[ATraining Step: 71  | total loss: [1m[32m0.12775[0m[0m | time: 3.773s
[2K| Adam | epoch: 004 | loss: 0.12775 - acc: 0.9578 -- iter: 0500/2199
[A[ATraining Step: 72  | total loss: [1m[32m0.13432[0m[0m | time: 4.520s
[2K| Adam | epoch: 004 | loss: 0.13432 - acc: 0.9535 -- iter: 0600/2199
[A[ATraining Step: 73  | total loss: [1m[32m0.12801[0m[0m | time: 5.286s
[2K| Adam | epoch: 004 | loss: 0.12801 - acc: 0.9553 -- iter: 0700/2199
[A[ATraining Step: 74  | total loss: [1m[32m0.12545[0m[0m | time: 6.060s
[2K| Adam | epoch: 004 | loss: 0.12545 - acc: 0.9559 -- iter: 0800/2199
[A[ATraining Step: 75  | total loss: [1m[32m0.13173[0m[0m | time: 6.783s
[2K| Adam | epoch: 004 | loss: 0.13173 - acc: 0.9530 -- iter: 0900/2199
[A[ATraining Step: 76  | total loss: [1m[32m0.12431[0m[0m | time: 7.544s
[2K| Adam | epoch: 004 | loss: 0.12431 - acc: 0.9549 -- iter: 1000/2199
[A[ATraining Step: 77  | total loss: [1m[32m0.12046[0m[0m | time: 8.304s
[2K| Adam | epoch: 004 | loss: 0.12046 - acc: 0.9565 -- iter: 1100/2199
[A[ATraining Step: 78  | total loss: [1m[32m0.11368[0m[0m | time: 9.018s
[2K| Adam | epoch: 004 | loss: 0.11368 - acc: 0.9600 -- iter: 1200/2199
[A[ATraining Step: 79  | total loss: [1m[32m0.11472[0m[0m | time: 9.751s
[2K| Adam | epoch: 004 | loss: 0.11472 - acc: 0.9600 -- iter: 1300/2199
[A[ATraining Step: 80  | total loss: [1m[32m0.11708[0m[0m | time: 10.505s
[2K| Adam | epoch: 004 | loss: 0.11708 - acc: 0.9610 -- iter: 1400/2199
[A[ATraining Step: 81  | total loss: [1m[32m0.10928[0m[0m | time: 11.241s
[2K| Adam | epoch: 004 | loss: 0.10928 - acc: 0.9639 -- iter: 1500/2199
[A[ATraining Step: 82  | total loss: [1m[32m0.10484[0m[0m | time: 11.990s
[2K| Adam | epoch: 004 | loss: 0.10484 - acc: 0.9655 -- iter: 1600/2199
[A[ATraining Step: 83  | total loss: [1m[32m0.10135[0m[0m | time: 12.756s
[2K| Adam | epoch: 004 | loss: 0.10135 - acc: 0.9660 -- iter: 1700/2199
[A[ATraining Step: 84  | total loss: [1m[32m0.10712[0m[0m | time: 13.525s
[2K| Adam | epoch: 004 | loss: 0.10712 - acc: 0.9644 -- iter: 1800/2199
[A[ATraining Step: 85  | total loss: [1m[32m0.11019[0m[0m | time: 14.272s
[2K| Adam | epoch: 004 | loss: 0.11019 - acc: 0.9630 -- iter: 1900/2199
[A[ATraining Step: 86  | total loss: [1m[32m0.10370[0m[0m | time: 15.036s
[2K| Adam | epoch: 004 | loss: 0.10370 - acc: 0.9637 -- iter: 2000/2199
[A[ATraining Step: 87  | total loss: [1m[32m0.10730[0m[0m | time: 15.806s
[2K| Adam | epoch: 004 | loss: 0.10730 - acc: 0.9643 -- iter: 2100/2199
[A[ATraining Step: 88  | total loss: [1m[32m0.10514[0m[0m | time: 17.571s
[2K| Adam | epoch: 004 | loss: 0.10514 - acc: 0.9639 | val_loss: 0.15147 - val_acc: 0.9633 -- iter: 2199/2199
--
Training Step: 89  | total loss: [1m[32m0.11033[0m[0m | time: 0.766s
[2K| Adam | epoch: 005 | loss: 0.11033 - acc: 0.9635 -- iter: 0100/2199
[A[ATraining Step: 90  | total loss: [1m[32m0.11642[0m[0m | time: 1.532s
[2K| Adam | epoch: 005 | loss: 0.11642 - acc: 0.9611 -- iter: 0200/2199
[A[ATraining Step: 91  | total loss: [1m[32m0.11693[0m[0m | time: 2.281s
[2K| Adam | epoch: 005 | loss: 0.11693 - acc: 0.9610 -- iter: 0300/2199
[A[ATraining Step: 92  | total loss: [1m[32m0.11502[0m[0m | time: 3.023s
[2K| Adam | epoch: 005 | loss: 0.11502 - acc: 0.9568 -- iter: 0400/2199
[A[ATraining Step: 93  | total loss: [1m[32m0.11878[0m[0m | time: 3.769s
[2K| Adam | epoch: 005 | loss: 0.11878 - acc: 0.9531 -- iter: 0500/2199
[A[ATraining Step: 94  | total loss: [1m[32m0.11423[0m[0m | time: 4.541s
[2K| Adam | epoch: 005 | loss: 0.11423 - acc: 0.9548 -- iter: 0600/2199
[A[ATraining Step: 95  | total loss: [1m[32m0.10855[0m[0m | time: 5.264s
[2K| Adam | epoch: 005 | loss: 0.10855 - acc: 0.9583 -- iter: 0700/2199
[A[ATraining Step: 96  | total loss: [1m[32m0.10334[0m[0m | time: 6.020s
[2K| Adam | epoch: 005 | loss: 0.10334 - acc: 0.9605 -- iter: 0800/2199
[A[ATraining Step: 97  | total loss: [1m[32m0.10306[0m[0m | time: 6.780s
[2K| Adam | epoch: 005 | loss: 0.10306 - acc: 0.9604 -- iter: 0900/2199
[A[ATraining Step: 98  | total loss: [1m[32m0.10165[0m[0m | time: 7.571s
[2K| Adam | epoch: 005 | loss: 0.10165 - acc: 0.9604 -- iter: 1000/2199
[A[ATraining Step: 99  | total loss: [1m[32m0.09844[0m[0m | time: 8.289s
[2K| Adam | epoch: 005 | loss: 0.09844 - acc: 0.9613 -- iter: 1100/2199
[A[ATraining Step: 100  | total loss: [1m[32m0.09896[0m[0m | time: 9.072s
[2K| Adam | epoch: 005 | loss: 0.09896 - acc: 0.9632 -- iter: 1200/2199
[A[ATraining Step: 101  | total loss: [1m[32m0.10341[0m[0m | time: 9.838s
[2K| Adam | epoch: 005 | loss: 0.10341 - acc: 0.9639 -- iter: 1300/2199
[A[ATraining Step: 102  | total loss: [1m[32m0.11201[0m[0m | time: 10.577s
[2K| Adam | epoch: 005 | loss: 0.11201 - acc: 0.9615 -- iter: 1400/2199
[A[ATraining Step: 103  | total loss: [1m[32m0.10713[0m[0m | time: 11.321s
[2K| Adam | epoch: 005 | loss: 0.10713 - acc: 0.9633 -- iter: 1500/2199
[A[ATraining Step: 104  | total loss: [1m[32m0.10452[0m[0m | time: 12.086s
[2K| Adam | epoch: 005 | loss: 0.10452 - acc: 0.9640 -- iter: 1600/2199
[A[ATraining Step: 105  | total loss: [1m[32m0.10228[0m[0m | time: 12.821s
[2K| Adam | epoch: 005 | loss: 0.10228 - acc: 0.9646 -- iter: 1700/2199
[A[ATraining Step: 106  | total loss: [1m[32m0.10624[0m[0m | time: 13.548s
[2K| Adam | epoch: 005 | loss: 0.10624 - acc: 0.9631 -- iter: 1800/2199
[A[ATraining Step: 107  | total loss: [1m[32m0.09888[0m[0m | time: 14.290s
[2K| Adam | epoch: 005 | loss: 0.09888 - acc: 0.9658 -- iter: 1900/2199
[A[ATraining Step: 108  | total loss: [1m[32m0.09637[0m[0m | time: 15.035s
[2K| Adam | epoch: 005 | loss: 0.09637 - acc: 0.9652 -- iter: 2000/2199
[A[ATraining Step: 109  | total loss: [1m[32m0.09392[0m[0m | time: 15.772s
[2K| Adam | epoch: 005 | loss: 0.09392 - acc: 0.9677 -- iter: 2100/2199
[A[ATraining Step: 110  | total loss: [1m[32m0.09101[0m[0m | time: 17.524s
[2K| Adam | epoch: 005 | loss: 0.09101 - acc: 0.9680 | val_loss: 0.13621 - val_acc: 0.9592 -- iter: 2199/2199
--
[B[B[B[?12;25h2019-05-08 19:54:21.839834: W tensorflow/core/framework/allocator.cc:122] Allocation of 1944264000 exceeds 10% of system memory.
metrics.accuracy_score:
0.9766871165644172
metrics.confusion_matrix:
[[802  22]
 [ 16 790]]
metrics.precision_score:
0.9729064039408867
metrics.recall_score:
0.9801488833746899
metrics.f1_score:
0.9765142150803461
